14 59 25 28 15 43 31 16 18 12 17 #UTIL: 22479007
14 59 25 28 15 43 31 16 18 17 #UTIL: 21903219
14 59 25 28 15 43 31 16 12 17 #UTIL: 21911141
14 59 25 28 15 43 16 18 12 17 #UTIL: 21952616
14 59 28 15 43 31 16 18 12 17 #UTIL: 21900266
14 25 28 15 24 43 31 16 18 12 17 #UTIL: 22496829
14 25 28 15 24 43 31 16 18 17 #UTIL: 21922534
14 25 28 15 24 43 31 16 12 17 #UTIL: 21929367
14 25 28 15 24 43 16 18 12 17 #UTIL: 22135832
14 25 28 15 27 43 21 31 16 18 12 17 #UTIL: 22475380
14 25 28 15 27 43 21 31 16 18 17 #UTIL: 21941404
14 25 28 15 27 43 21 31 16 12 17 #UTIL: 21948812
14 25 28 15 27 43 21 16 18 12 17 #UTIL: 22207317
14 25 28 15 27 21 31 16 18 12 17 #UTIL: 21997796
14 25 28 15 43 29 31 16 18 12 17 #UTIL: 22600537
14 25 28 15 43 29 31 16 18 17 #UTIL: 22007772
14 25 28 15 43 29 31 16 12 17 #UTIL: 22014790
14 25 28 15 43 29 16 18 12 17 #UTIL: 22324369
14 25 28 15 43 21 31 16 18 #UTIL: 22073710
14 25 28 15 43 21 31 16 18 12 #UTIL: 22668316
14 25 28 15 43 21 31 16 18 12 17 #UTIL: 24457988
14 25 28 15 43 21 31 16 18 17 #UTIL: 23863529
14 25 28 15 43 21 31 16 12 #UTIL: 22079938
14 25 28 15 43 21 31 16 12 17 #UTIL: 23870362
14 25 28 15 43 21 31 16 17 #UTIL: 23282126
14 25 28 15 43 21 16 18 12 #UTIL: 22298709
14 25 28 15 43 21 16 18 12 17 #UTIL: 24157472
14 25 28 15 43 21 16 18 17 #UTIL: 23540434
14 25 28 15 43 21 16 12 17 #UTIL: 23546781
14 25 28 15 43 21 16 17 #UTIL: 22937438
14 25 28 15 43 31 16 #UTIL: 22244002
14 25 28 15 43 31 16 18 #UTIL: 22923909
14 25 28 15 43 31 16 18 12 #UTIL: 23616547
14 25 28 15 43 31 16 18 12 17 #UTIL: 25699683
14 25 28 15 43 31 16 18 17 #UTIL: 25007204
14 25 28 15 43 31 16 12 #UTIL: 22930957
14 25 28 15 43 31 16 12 17 #UTIL: 25014938
14 25 28 15 43 31 16 17 #UTIL: 24328715
14 25 28 15 43 16 18 #UTIL: 22490629
14 25 28 15 43 16 18 12 #UTIL: 23213835
14 25 28 15 43 16 18 12 17 #UTIL: 25390170
14 25 28 15 43 16 18 17 #UTIL: 24667153
14 25 28 15 43 16 12 #UTIL: 22496985
14 25 28 15 43 16 12 17 #UTIL: 24674211
14 25 28 15 43 16 17 #UTIL: 23959434
14 25 28 15 21 31 16 18 12 #UTIL: 21868404
14 25 28 15 21 31 16 18 12 17 #UTIL: 23917105
14 25 28 15 21 31 16 18 17 #UTIL: 23236413
14 25 28 15 21 31 16 12 17 #UTIL: 23242262
14 25 28 15 21 31 16 17 #UTIL: 22567582
14 25 28 15 21 16 18 12 17 #UTIL: 23441645
14 25 28 15 21 16 18 17 #UTIL: 22734172
14 25 28 15 21 16 12 17 #UTIL: 22739476
14 25 28 15 21 16 17 #UTIL: 22039574
14 25 28 15 31 16 18 12 #UTIL: 22173276
14 25 28 15 31 16 18 12 17 #UTIL: 24547157
14 25 28 15 31 16 18 17 #UTIL: 23757851
14 25 28 15 31 16 12 17 #UTIL: 23764273
14 25 28 15 31 16 17 #UTIL: 22980913
14 25 28 15 16 18 12 17 #UTIL: 24008439
14 25 28 15 16 18 17 #UTIL: 23183286
14 25 28 15 16 12 17 #UTIL: 23188992
14 25 28 15 16 17 #UTIL: 22371804
14 25 28 43 21 31 16 18 12 17 #UTIL: 23297626
14 25 28 43 21 31 16 18 17 #UTIL: 22688210
14 25 28 43 21 31 16 12 17 #UTIL: 22693173
14 25 28 43 21 31 16 17 #UTIL: 22089488
14 25 28 43 21 16 18 12 17 #UTIL: 22908878
14 25 28 43 21 16 18 17 #UTIL: 22276439
14 25 28 43 21 16 12 17 #UTIL: 22281144
14 25 28 43 31 16 18 12 #UTIL: 22167865
14 25 28 43 31 16 18 12 17 #UTIL: 24312180
14 25 28 43 31 16 18 17 #UTIL: 23600810
14 25 28 43 31 16 12 17 #UTIL: 23606534
14 25 28 43 31 16 17 #UTIL: 22900820
14 25 28 43 16 18 12 17 #UTIL: 23886275
14 25 28 43 16 18 17 #UTIL: 23143766
14 25 28 43 16 12 17 #UTIL: 23149044
14 25 28 43 16 17 #UTIL: 22413988
14 25 28 21 31 16 18 12 17 #UTIL: 22468821
14 25 28 21 16 18 12 17 #UTIL: 21887069
14 25 28 31 16 18 12 17 #UTIL: 22818588
14 25 28 31 16 18 17 #UTIL: 22007778
14 25 28 31 16 12 17 #UTIL: 22012037
14 25 28 16 18 12 17 #UTIL: 22140576
14 25 15 27 43 21 31 16 18 12 17 #UTIL: 22693992
14 25 15 27 43 21 31 16 18 17 #UTIL: 22047483
14 25 15 27 43 21 31 16 12 17 #UTIL: 22053149
14 25 15 27 43 21 16 18 12 17 #UTIL: 22627938
14 25 15 27 43 21 16 18 17 #UTIL: 21945192
14 25 15 27 43 21 16 12 17 #UTIL: 21949540
14 25 15 43 29 21 31 16 18 12 17 #UTIL: 22095919
14 25 15 43 29 21 16 18 12 17 #UTIL: 22054525
14 25 15 43 29 31 16 18 12 17 #UTIL: 22073783
14 25 15 43 29 16 18 12 17 #UTIL: 21967838
14 25 15 43 21 31 16 18 12 #UTIL: 22366006
14 25 15 43 21 31 16 18 12 17 #UTIL: 24528111
14 25 15 43 21 31 16 18 17 #UTIL: 23809764
14 25 15 43 21 31 16 12 17 #UTIL: 23814577
14 25 15 43 21 31 16 17 #UTIL: 23103019
14 25 15 43 21 16 18 12 #UTIL: 22142881
14 25 15 43 21 16 18 12 17 #UTIL: 24431080
14 25 15 43 21 16 18 17 #UTIL: 23671979
14 25 15 43 21 16 12 17 #UTIL: 23675215
14 25 15 43 21 16 17 #UTIL: 22924257
14 25 15 43 31 16 18 12 #UTIL: 22279192
14 25 15 43 31 16 18 12 17 #UTIL: 24751626
14 25 15 43 31 16 18 17 #UTIL: 23929440
14 25 15 43 31 16 12 17 #UTIL: 23935090
14 25 15 43 31 16 17 #UTIL: 23119660
14 25 15 43 16 18 12 #UTIL: 21942792
14 25 15 43 16 18 12 17 #UTIL: 24572445
14 25 15 43 16 18 17 #UTIL: 23698959
14 25 15 43 16 12 17 #UTIL: 23702784
14 25 15 43 16 17 #UTIL: 22837956
14 25 15 21 31 16 18 12 17 #UTIL: 23230838
14 25 15 21 31 16 18 17 #UTIL: 22404435
14 25 15 21 31 16 12 17 #UTIL: 22408562
14 25 15 21 16 18 12 17 #UTIL: 22886156
14 25 15 21 16 18 17 #UTIL: 22010074
14 25 15 21 16 12 17 #UTIL: 22012973
14 25 15 31 16 18 12 17 #UTIL: 22680913
14 25 15 16 18 12 17 #UTIL: 22164897
14 25 43 21 31 16 18 12 17 #UTIL: 23004732
14 25 43 21 31 16 18 17 #UTIL: 22267646
14 25 43 21 31 16 12 17 #UTIL: 22270198
14 25 43 21 16 18 12 17 #UTIL: 22753717
14 25 43 21 16 18 17 #UTIL: 21975208
14 25 43 21 16 12 17 #UTIL: 21976511
14 25 43 31 16 18 12 17 #UTIL: 22948456
14 25 43 31 16 18 17 #UTIL: 22103015
14 25 43 31 16 12 17 #UTIL: 22106445
14 25 43 16 18 12 17 #UTIL: 22577668
14 28 15 24 43 31 16 18 12 17 #UTIL: 21848479
14 28 15 27 43 21 31 16 18 12 17 #UTIL: 22488999
14 28 15 27 43 21 31 16 18 17 #UTIL: 21898553
14 28 15 27 43 21 31 16 12 17 #UTIL: 21907816
14 28 15 27 43 21 16 18 12 17 #UTIL: 22075950
14 28 15 43 29 21 31 16 18 12 17 #UTIL: 21814249
14 28 15 43 29 31 16 18 12 17 #UTIL: 22152479
14 28 15 43 21 31 16 18 12 #UTIL: 22292760
14 28 15 43 21 31 16 18 12 17 #UTIL: 24258154
14 28 15 43 21 31 16 18 17 #UTIL: 23604785
14 28 15 43 21 31 16 12 17 #UTIL: 23613458
14 28 15 43 21 31 16 17 #UTIL: 22965583
14 28 15 43 21 16 18 12 17 #UTIL: 23796982
14 28 15 43 21 16 18 17 #UTIL: 23119592
14 28 15 43 21 16 12 17 #UTIL: 23128307
14 28 15 43 21 16 17 #UTIL: 22457699
14 28 15 43 31 16 18 #UTIL: 21914497
14 28 15 43 31 16 18 12 #UTIL: 22667892
14 28 15 43 31 16 18 12 17 #UTIL: 24932309
14 28 15 43 31 16 18 17 #UTIL: 24179083
14 28 15 43 31 16 12 #UTIL: 21922854
14 28 15 43 31 16 12 17 #UTIL: 24188483
14 28 15 43 31 16 17 #UTIL: 23440645
14 28 15 43 16 18 12 #UTIL: 22063469
14 28 15 43 16 18 12 17 #UTIL: 24425587
14 28 15 43 16 18 17 #UTIL: 23640255
14 28 15 43 16 12 17 #UTIL: 23649448
14 28 15 43 16 17 #UTIL: 22871200
14 28 15 21 31 16 18 12 17 #UTIL: 23412845
14 28 15 21 31 16 18 17 #UTIL: 22660329
14 28 15 21 31 16 12 17 #UTIL: 22668285
14 28 15 21 31 16 17 #UTIL: 21920920
14 28 15 21 16 18 12 17 #UTIL: 22735822
14 28 15 21 16 18 17 #UTIL: 21954784
14 28 15 21 16 12 17 #UTIL: 21962575
14 28 15 31 16 18 12 17 #UTIL: 23388837
14 28 15 31 16 18 17 #UTIL: 22525158
14 28 15 31 16 12 17 #UTIL: 22533432
14 28 15 16 18 12 17 #UTIL: 22605110
14 28 43 21 31 16 18 12 17 #UTIL: 23405776
14 28 43 21 31 16 18 17 #UTIL: 22721678
14 28 43 21 31 16 12 17 #UTIL: 22729434
14 28 43 21 31 16 17 #UTIL: 22050263
14 28 43 21 16 18 12 17 #UTIL: 22852111
14 28 43 21 16 18 17 #UTIL: 22142522
14 28 43 21 16 12 17 #UTIL: 22150680
14 28 43 31 16 18 12 17 #UTIL: 23796699
14 28 43 31 16 18 17 #UTIL: 23007689
14 28 43 31 16 12 17 #UTIL: 23015845
14 28 43 31 16 17 #UTIL: 22231548
14 28 43 16 18 12 17 #UTIL: 23166133
14 28 43 16 18 17 #UTIL: 22343230
14 28 43 16 12 17 #UTIL: 22351501
14 28 21 31 16 18 12 17 #UTIL: 22219148
14 28 31 16 18 12 17 #UTIL: 21845902
14 15 27 43 21 31 16 18 12 17 #UTIL: 22564867
14 15 27 43 21 31 16 18 17 #UTIL: 21839030
14 15 27 43 21 31 16 12 17 #UTIL: 21846701
14 15 27 43 21 16 18 12 17 #UTIL: 22266400
14 15 43 29 21 31 16 18 12 17 #UTIL: 21988196
14 15 43 21 31 16 18 12 17 #UTIL: 24126628
14 15 43 21 31 16 18 17 #UTIL: 23325612
14 15 43 21 31 16 12 17 #UTIL: 23332590
14 15 43 21 31 16 17 #UTIL: 22537355
14 15 43 21 16 18 12 17 #UTIL: 23773598
14 15 43 21 16 18 17 #UTIL: 22928932
14 15 43 21 16 12 17 #UTIL: 22934990
14 15 43 21 16 17 #UTIL: 22097206
14 15 43 31 16 18 12 17 #UTIL: 23666124
14 15 43 31 16 18 17 #UTIL: 22758823
14 15 43 31 16 12 17 #UTIL: 22766454
14 15 43 31 16 17 #UTIL: 21864731
14 15 43 16 18 12 17 #UTIL: 23178339
14 15 43 16 18 17 #UTIL: 22216678
14 15 43 16 12 17 #UTIL: 22223029
14 15 21 31 16 18 12 17 #UTIL: 22322900
14 43 21 31 16 18 12 17 #UTIL: 22918038
14 43 21 31 16 18 17 #UTIL: 22074529
14 43 21 31 16 12 17 #UTIL: 22080526
14 43 21 16 18 12 17 #UTIL: 22411833
14 43 31 16 18 12 17 #UTIL: 22087289
38 59 43 21 31 16 18 12 17 #UTIL: 21918992
38 25 28 43 31 16 18 12 17 #UTIL: 21943373
38 28 15 43 31 16 18 12 17 #UTIL: 22011881
38 28 27 43 21 31 16 18 12 17 #UTIL: 22901133
38 28 27 43 21 31 16 18 17 #UTIL: 22304148
38 28 27 43 21 31 16 12 17 #UTIL: 22340455
38 28 27 43 21 16 18 12 17 #UTIL: 22437526
38 28 27 43 21 16 18 17 #UTIL: 21820220
38 28 27 43 21 16 12 17 #UTIL: 21861220
38 28 27 21 31 16 18 12 17 #UTIL: 22138507
38 28 43 29 21 31 16 18 12 17 #UTIL: 22340271
38 28 43 29 21 31 16 12 17 #UTIL: 21799943
38 28 43 29 21 16 18 12 17 #UTIL: 21886131
38 28 43 29 31 16 18 12 17 #UTIL: 22392083
38 28 43 29 16 18 12 17 #UTIL: 21884108
38 28 43 21 31 16 18 #UTIL: 21901854
38 28 43 21 31 16 18 12 #UTIL: 22558347
38 28 43 21 31 16 18 12 17 #UTIL: 24551855
38 28 43 21 31 16 18 17 #UTIL: 23896019
38 28 43 21 31 16 12 #UTIL: 21939279
38 28 43 21 31 16 12 17 #UTIL: 23936968
38 28 43 21 31 16 17 #UTIL: 23283250
38 28 43 21 16 18 12 #UTIL: 21976406
38 28 43 21 16 18 12 17 #UTIL: 24039356
38 28 43 21 16 18 17 #UTIL: 23360447
38 28 43 21 16 12 17 #UTIL: 23406007
38 28 43 21 16 17 #UTIL: 22729602
38 28 43 31 16 18 12 #UTIL: 22531718
38 28 43 31 16 18 12 17 #UTIL: 24787323
38 28 43 31 16 18 17 #UTIL: 24044040
38 28 43 31 16 12 #UTIL: 21824127
38 28 43 31 16 12 17 #UTIL: 24084267
38 28 43 31 16 17 #UTIL: 23342654
38 28 43 16 18 12 #UTIL: 21862979
38 28 43 16 18 12 17 #UTIL: 24207832
38 28 43 16 18 17 #UTIL: 23434899
38 28 43 16 12 17 #UTIL: 23479585
38 28 43 16 17 #UTIL: 22709224
38 28 21 31 16 18 12 17 #UTIL: 23672314
38 28 21 31 16 18 17 #UTIL: 22916387
38 28 21 31 16 12 17 #UTIL: 22956718
38 28 21 31 16 17 #UTIL: 22202342
38 28 21 16 18 12 17 #UTIL: 22957882
38 28 21 16 18 17 #UTIL: 22173975
38 28 21 16 12 17 #UTIL: 22219215
38 28 31 16 18 12 17 #UTIL: 23286087
38 28 31 16 18 17 #UTIL: 22431013
38 28 31 16 12 17 #UTIL: 22469447
38 28 16 18 12 17 #UTIL: 22451353
38 15 43 21 31 16 18 12 17 #UTIL: 22338726
38 15 43 21 16 18 12 17 #UTIL: 21874626
38 15 43 31 16 18 12 17 #UTIL: 21861613
38 27 43 21 31 16 18 12 17 #UTIL: 23609158
38 27 43 21 31 16 18 17 #UTIL: 22854545
38 27 43 21 31 16 12 17 #UTIL: 22883927
38 27 43 21 31 16 17 #UTIL: 22131215
38 27 43 21 16 18 12 17 #UTIL: 23144469
38 27 43 21 16 18 17 #UTIL: 22354689
38 27 43 21 16 12 17 #UTIL: 22386700
38 27 21 31 16 18 12 17 #UTIL: 21877104
38 43 29 21 31 16 18 12 17 #UTIL: 23105065
38 43 29 21 31 16 18 17 #UTIL: 22368489
38 43 29 21 31 16 12 17 #UTIL: 22400858
38 43 29 21 16 18 12 17 #UTIL: 22670303
38 43 29 21 16 18 17 #UTIL: 21898818
38 43 29 21 16 12 17 #UTIL: 21933363
38 43 29 31 16 18 12 17 #UTIL: 22185359
38 43 21 31 16 18 12 #UTIL: 22532638
38 43 21 31 16 18 12 17 #UTIL: 25039287
38 43 21 31 16 18 17 #UTIL: 24214168
38 43 21 31 16 12 17 #UTIL: 24246509
38 43 21 31 16 17 #UTIL: 23423290
38 43 21 16 18 12 #UTIL: 21886328
38 43 21 16 18 12 17 #UTIL: 24514668
38 43 21 16 18 17 #UTIL: 23650060
38 43 21 16 12 17 #UTIL: 23684769
38 43 21 16 17 #UTIL: 22822185
38 43 31 16 18 12 17 #UTIL: 24139199
38 43 31 16 18 17 #UTIL: 23220034
38 43 31 16 12 17 #UTIL: 23250852
38 43 31 16 17 #UTIL: 22333011
38 43 16 18 12 17 #UTIL: 23465695
38 43 16 18 17 #UTIL: 22498267
38 43 16 12 17 #UTIL: 22531159
38 21 31 16 18 12 17 #UTIL: 23092946
38 21 31 16 18 17 #UTIL: 22139745
38 21 31 16 12 17 #UTIL: 22169576
38 21 16 18 12 17 #UTIL: 22259329
63 28 43 21 31 16 18 12 17 #UTIL: 22379533
63 28 43 21 16 18 12 17 #UTIL: 21865011
63 28 43 31 16 18 12 17 #UTIL: 23004843
63 28 43 31 16 18 17 #UTIL: 22245822
63 28 43 31 16 12 17 #UTIL: 22287409
63 28 43 16 18 12 17 #UTIL: 22392612
63 43 21 31 16 18 12 17 #UTIL: 22559934
63 43 21 16 18 12 17 #UTIL: 22118966
63 43 31 16 18 12 17 #UTIL: 21912764
22 25 28 43 31 16 18 12 17 #UTIL: 21947849
22 28 43 21 31 16 18 12 17 #UTIL: 23079715
22 28 43 21 31 16 18 17 #UTIL: 22342385
22 28 43 21 31 16 12 17 #UTIL: 22380341
22 28 43 21 16 18 12 17 #UTIL: 22271198
22 28 43 31 16 18 12 17 #UTIL: 23025179
22 28 43 31 16 18 17 #UTIL: 22179443
22 28 43 31 16 12 17 #UTIL: 22214523
22 28 43 16 18 12 17 #UTIL: 22106052
1 8 28 24 43 21 31 16 18 12 17 #UTIL: 22221488
1 8 28 24 43 31 16 18 12 17 #UTIL: 23194265
1 8 28 24 43 31 16 18 17 #UTIL: 22520648
1 8 28 24 43 31 16 12 17 #UTIL: 22555538
1 8 28 24 43 31 16 17 #UTIL: 21881683
1 8 28 24 43 16 18 12 17 #UTIL: 22428818
1 8 28 43 31 16 18 12 17 #UTIL: 21979139
1 59 28 43 21 31 16 18 12 17 #UTIL: 22829041
1 59 28 43 21 31 16 18 17 #UTIL: 22180687
1 59 28 43 21 31 16 12 17 #UTIL: 22220670
1 59 28 43 21 16 18 12 17 #UTIL: 21934583
1 59 28 43 31 16 18 12 17 #UTIL: 22787151
1 59 28 43 31 16 18 17 #UTIL: 22055684
1 59 28 43 31 16 12 17 #UTIL: 22093107
1 59 28 43 16 18 12 17 #UTIL: 21804454
1 59 43 21 31 16 18 12 17 #UTIL: 22000793
1 25 28 43 21 31 16 18 12 17 #UTIL: 22527083
1 25 28 43 21 31 16 18 17 #UTIL: 21924959
1 25 28 43 21 31 16 12 17 #UTIL: 21962257
1 25 28 43 21 16 18 12 17 #UTIL: 21898369
1 25 28 43 31 16 18 12 17 #UTIL: 23667923
1 25 28 43 31 16 18 17 #UTIL: 22957799
1 25 28 43 31 16 12 17 #UTIL: 22993808
1 25 28 43 31 16 17 #UTIL: 22284044
1 25 28 43 16 18 12 17 #UTIL: 22978254
1 25 28 43 16 18 17 #UTIL: 22244388
1 25 28 43 16 12 17 #UTIL: 22280403
1 25 28 31 16 18 12 17 #UTIL: 21878693
1 41 28 43 21 31 16 18 12 17 #UTIL: 22280949
1 41 28 43 31 16 18 12 17 #UTIL: 22433494
1 28 15 43 21 31 16 18 12 17 #UTIL: 23143655
1 28 15 43 21 31 16 18 17 #UTIL: 22506825
1 28 15 43 21 31 16 12 17 #UTIL: 22546609
1 28 15 43 21 31 16 17 #UTIL: 21909820
1 28 15 43 21 16 18 12 17 #UTIL: 22375226
1 28 15 43 31 16 18 12 17 #UTIL: 23595143
1 28 15 43 31 16 18 17 #UTIL: 22863925
1 28 15 43 31 16 12 17 #UTIL: 22902068
1 28 15 43 31 16 17 #UTIL: 22171036
1 28 15 43 16 18 12 17 #UTIL: 22742821
1 28 15 43 16 18 17 #UTIL: 21991207
1 28 15 43 16 12 17 #UTIL: 22029471
1 28 15 21 31 16 18 12 17 #UTIL: 22251413
1 28 15 31 16 18 12 17 #UTIL: 22032968
1 28 24 43 21 31 16 18 12 17 #UTIL: 22945771
1 28 24 43 21 31 16 18 17 #UTIL: 22297777
1 28 24 43 21 31 16 12 17 #UTIL: 22335832
1 28 24 43 21 16 18 12 17 #UTIL: 22136237
1 28 24 43 31 16 18 12 17 #UTIL: 23537548
1 28 24 43 31 16 18 17 #UTIL: 22786027
1 28 24 43 31 16 12 17 #UTIL: 22821980
1 28 24 43 31 16 17 #UTIL: 22069932
1 28 24 43 16 18 12 17 #UTIL: 22626588
1 28 24 43 16 18 17 #UTIL: 21854335
1 28 24 43 16 12 17 #UTIL: 21890545
1 28 27 43 21 31 16 18 12 17 #UTIL: 23660280
1 28 27 43 21 31 16 18 17 #UTIL: 22969932
1 28 27 43 21 31 16 12 17 #UTIL: 23003562
1 28 27 43 21 31 16 17 #UTIL: 22313153
1 28 27 43 21 16 18 12 17 #UTIL: 22833962
1 28 27 43 21 16 18 17 #UTIL: 22126067
1 28 27 43 21 16 12 17 #UTIL: 22160966
1 28 27 21 31 16 18 12 17 #UTIL: 22368370
1 28 43 29 21 31 16 18 12 17 #UTIL: 23031453
1 28 43 29 21 31 16 18 17 #UTIL: 22361828
1 28 43 29 21 31 16 12 17 #UTIL: 22400598
1 28 43 29 21 16 18 12 17 #UTIL: 22209429
1 28 43 29 31 16 18 12 17 #UTIL: 23012472
1 28 43 29 31 16 18 17 #UTIL: 22252828
1 28 43 29 31 16 12 17 #UTIL: 22289166
1 28 43 29 16 18 12 17 #UTIL: 22108136
1 28 43 21 31 16 18 #UTIL: 22524627
1 28 43 21 31 16 18 12 #UTIL: 23293680
1 28 43 21 31 16 18 12 17 #UTIL: 25621400
1 28 43 21 31 16 18 17 #UTIL: 24853148
1 28 43 21 31 16 12 #UTIL: 22560535
1 28 43 21 31 16 12 17 #UTIL: 24893172
1 28 43 21 31 16 17 #UTIL: 24124615
1 28 43 21 16 18 12 #UTIL: 22310638
1 28 43 21 16 18 12 17 #UTIL: 24699575
1 28 43 21 16 18 17 #UTIL: 23911203
1 28 43 21 16 12 17 #UTIL: 23952206
1 28 43 21 16 17 #UTIL: 23164901
1 28 43 31 16 18 #UTIL: 22284404
1 28 43 31 16 18 12 #UTIL: 23167993
1 28 43 31 16 18 12 17 #UTIL: 25836299
1 28 43 31 16 18 17 #UTIL: 24953575
1 28 43 31 16 12 #UTIL: 22317348
1 28 43 31 16 12 17 #UTIL: 24990918
1 28 43 31 16 17 #UTIL: 24107961
1 28 43 16 18 12 #UTIL: 22057261
1 28 43 16 18 12 17 #UTIL: 24809685
1 28 43 16 18 17 #UTIL: 23899197
1 28 43 16 12 17 #UTIL: 23936831
1 28 43 16 17 #UTIL: 23028355
1 28 29 21 31 16 18 12 17 #UTIL: 21842700
1 28 21 31 16 18 12 17 #UTIL: 24136110
1 28 21 31 16 18 17 #UTIL: 23250290
1 28 21 31 16 12 17 #UTIL: 23288627
1 28 21 31 16 17 #UTIL: 22402006
1 28 21 16 18 12 17 #UTIL: 22949363
1 28 21 16 18 17 #UTIL: 22039387
1 28 21 16 12 17 #UTIL: 22078288
1 28 31 16 18 12 17 #UTIL: 23509825
1 28 31 16 18 17 #UTIL: 22495647
1 28 31 16 12 17 #UTIL: 22529842
1 28 16 18 12 17 #UTIL: 22150629
1 15 43 21 31 16 18 12 17 #UTIL: 22629872
1 15 43 21 31 16 18 17 #UTIL: 21856763
1 15 43 21 31 16 12 17 #UTIL: 21887090
1 15 43 31 16 18 12 17 #UTIL: 21993368
1 24 43 21 31 16 18 12 17 #UTIL: 22197777
1 27 43 21 31 16 18 12 17 #UTIL: 22882202
1 27 43 21 31 16 18 17 #UTIL: 22041458
1 27 43 21 31 16 12 17 #UTIL: 22066627
1 27 43 21 16 18 12 17 #UTIL: 21793947
1 43 29 21 31 16 18 12 17 #UTIL: 22366544
1 43 21 31 16 18 12 17 #UTIL: 24504593
1 43 21 31 16 18 17 #UTIL: 23571013
1 43 21 31 16 12 17 #UTIL: 23601034
1 43 21 31 16 17 #UTIL: 22667349
1 43 21 16 18 12 17 #UTIL: 23290419
1 43 21 16 18 17 #UTIL: 22329774
1 43 21 16 12 17 #UTIL: 22359025
1 43 31 16 18 12 17 #UTIL: 23397459
1 43 31 16 18 17 #UTIL: 22342344
1 43 31 16 12 17 #UTIL: 22369248
1 43 16 18 12 17 #UTIL: 22008884
8 59 28 24 43 21 31 16 18 12 17 #UTIL: 22680118
8 59 28 24 43 21 31 16 18 17 #UTIL: 22073085
8 59 28 24 43 21 31 16 12 17 #UTIL: 22115275
8 59 28 24 43 21 16 18 12 17 #UTIL: 21840651
8 59 28 24 43 31 16 18 12 17 #UTIL: 23053943
8 59 28 24 43 31 16 18 17 #UTIL: 22361181
8 59 28 24 43 31 16 12 17 #UTIL: 22401329
8 59 28 24 43 16 18 12 17 #UTIL: 22115499
8 59 28 43 31 16 18 12 17 #UTIL: 21820018
8 59 24 43 21 31 16 18 12 17 #UTIL: 22466269
8 59 24 43 31 16 18 12 17 #UTIL: 21795330
8 25 28 24 43 21 31 16 18 12 17 #UTIL: 22676459
8 25 28 24 43 21 31 16 18 17 #UTIL: 22103479
8 25 28 24 43 21 31 16 12 17 #UTIL: 22144367
8 25 28 24 43 21 16 18 12 17 #UTIL: 22291977
8 25 28 24 43 31 16 18 12 #UTIL: 22217165
8 25 28 24 43 31 16 18 12 17 #UTIL: 24295626
8 25 28 24 43 31 16 18 17 #UTIL: 23610753
8 25 28 24 43 31 16 12 17 #UTIL: 23650930
8 25 28 24 43 31 16 17 #UTIL: 22969482
8 25 28 24 43 16 18 12 17 #UTIL: 23856865
8 25 28 24 43 16 18 17 #UTIL: 23143330
8 25 28 24 43 16 12 17 #UTIL: 23186867
8 25 28 24 43 16 17 #UTIL: 22478748
8 25 28 24 31 16 18 12 17 #UTIL: 22760397
8 25 28 24 31 16 18 17 #UTIL: 21984490
8 25 28 24 31 16 12 17 #UTIL: 22023682
8 25 28 24 16 18 12 17 #UTIL: 22117898
8 25 28 43 31 16 18 12 17 #UTIL: 23109322
8 25 28 43 31 16 18 17 #UTIL: 22417962
8 25 28 43 31 16 12 17 #UTIL: 22456171
8 25 28 43 16 18 12 17 #UTIL: 22620910
8 25 28 43 16 18 17 #UTIL: 21900180
8 25 28 43 16 12 17 #UTIL: 21941725
8 25 24 43 21 31 16 18 12 17 #UTIL: 22309439
8 25 24 43 21 16 18 12 17 #UTIL: 22087273
8 25 24 43 31 16 18 12 17 #UTIL: 22869599
8 25 24 43 31 16 18 17 #UTIL: 22062191
8 25 24 43 31 16 12 17 #UTIL: 22093028
8 25 24 43 16 18 12 17 #UTIL: 22524606
8 41 28 24 43 21 31 16 18 12 17 #UTIL: 21852508
8 41 28 24 43 31 16 18 12 17 #UTIL: 22495188
8 41 28 24 43 31 16 18 17 #UTIL: 21798587
8 41 28 24 43 31 16 12 17 #UTIL: 21839468
8 28 15 24 43 21 31 16 18 12 17 #UTIL: 22548716
8 28 15 24 43 21 31 16 18 17 #UTIL: 21961640
8 28 15 24 43 21 31 16 12 17 #UTIL: 22006709
8 28 15 24 43 21 16 18 12 17 #UTIL: 21959344
8 28 15 24 43 31 16 18 12 17 #UTIL: 23456068
8 28 15 24 43 31 16 18 17 #UTIL: 22773248
8 28 15 24 43 31 16 12 17 #UTIL: 22816954
8 28 15 24 43 31 16 17 #UTIL: 22137354
8 28 15 24 43 16 18 12 17 #UTIL: 22780614
8 28 15 24 43 16 18 17 #UTIL: 22076169
8 28 15 24 43 16 12 17 #UTIL: 22122573
8 28 15 24 21 31 16 18 12 17 #UTIL: 21906899
8 28 15 24 31 16 18 12 17 #UTIL: 22189179
8 28 15 43 31 16 18 12 17 #UTIL: 22260605
8 28 24 27 43 21 31 16 18 12 17 #UTIL: 23613536
8 28 24 27 43 21 31 16 18 17 #UTIL: 22965379
8 28 24 27 43 21 31 16 12 17 #UTIL: 23002523
8 28 24 27 43 21 31 16 17 #UTIL: 22356831
8 28 24 27 43 21 16 18 12 17 #UTIL: 23060326
8 28 24 27 43 21 16 18 17 #UTIL: 22390305
8 28 24 27 43 21 16 12 17 #UTIL: 22431622
8 28 24 27 43 31 16 18 12 17 #UTIL: 22031062
8 28 24 27 21 31 16 18 12 17 #UTIL: 22626716
8 28 24 27 21 31 16 18 17 #UTIL: 21879753
8 28 24 27 21 31 16 12 17 #UTIL: 21916206
8 28 24 27 21 16 18 12 17 #UTIL: 21871152
8 28 24 43 29 21 31 16 18 12 17 #UTIL: 23412566
8 28 24 43 29 21 31 16 18 17 #UTIL: 22771548
8 28 24 43 29 21 31 16 12 17 #UTIL: 22816141
8 28 24 43 29 21 31 16 17 #UTIL: 22177600
8 28 24 43 29 21 16 18 12 17 #UTIL: 22866915
8 28 24 43 29 21 16 18 17 #UTIL: 22204135
8 28 24 43 29 21 16 12 17 #UTIL: 22253100
8 28 24 43 29 31 16 18 12 17 #UTIL: 23887524
8 28 24 43 29 31 16 18 17 #UTIL: 23150547
8 28 24 43 29 31 16 12 17 #UTIL: 23193206
8 28 24 43 29 31 16 17 #UTIL: 22458252
8 28 24 43 29 16 18 12 17 #UTIL: 23262362
8 28 24 43 29 16 18 17 #UTIL: 22496851
8 28 24 43 29 16 12 17 #UTIL: 22543302
8 28 24 43 21 31 16 #UTIL: 22055654
8 28 24 43 21 31 16 18 #UTIL: 22736886
8 28 24 43 21 31 16 18 12 #UTIL: 23460627
8 28 24 43 21 31 16 18 12 17 #UTIL: 25657412
8 28 24 43 21 31 16 18 17 #UTIL: 24934551
8 28 24 43 21 31 16 12 #UTIL: 22777056
8 28 24 43 21 31 16 12 17 #UTIL: 24979069
8 28 24 43 21 31 16 17 #UTIL: 24258940
8 28 24 43 21 16 18 #UTIL: 22011817
8 28 24 43 21 16 18 12 #UTIL: 22760766
8 28 24 43 21 16 18 12 17 #UTIL: 25033300
8 28 24 43 21 16 18 17 #UTIL: 24285308
8 28 24 43 21 16 12 #UTIL: 22055517
8 28 24 43 21 16 12 17 #UTIL: 24334069
8 28 24 43 21 16 17 #UTIL: 23589905
8 28 24 43 31 16 #UTIL: 22228808
8 28 24 43 31 16 18 #UTIL: 23031738
8 28 24 43 31 16 18 12 #UTIL: 23874540
8 28 24 43 31 16 18 12 17 #UTIL: 26428519
8 28 24 43 31 16 18 17 #UTIL: 25586700
8 28 24 43 31 16 12 #UTIL: 23069636
8 28 24 43 31 16 12 17 #UTIL: 25629295
8 28 24 43 31 16 17 #UTIL: 24789909
8 28 24 43 16 18 #UTIL: 22171489
8 28 24 43 16 18 12 #UTIL: 23047840
8 28 24 43 16 18 12 17 #UTIL: 25702599
8 28 24 43 16 18 17 #UTIL: 24827308
8 28 24 43 16 12 #UTIL: 22212127
8 28 24 43 16 12 17 #UTIL: 24873449
8 28 24 43 16 17 #UTIL: 24002221
8 28 24 29 21 31 16 18 12 17 #UTIL: 22502328
8 28 24 29 21 31 16 12 17 #UTIL: 21805455
8 28 24 29 31 16 18 12 17 #UTIL: 22305082
8 28 24 21 31 16 18 12 #UTIL: 21976849
8 28 24 21 31 16 18 12 17 #UTIL: 24509229
8 28 24 21 31 16 18 17 #UTIL: 23674032
8 28 24 21 31 16 12 17 #UTIL: 23717994
8 28 24 21 31 16 17 #UTIL: 22884855
8 28 24 21 16 18 12 17 #UTIL: 23656757
8 28 24 21 16 18 17 #UTIL: 22790645
8 28 24 21 16 12 17 #UTIL: 22838894
8 28 24 21 16 17 #UTIL: 21975876
8 28 24 31 16 18 12 17 #UTIL: 24474550
8 28 24 31 16 18 17 #UTIL: 23505482
8 28 24 31 16 12 17 #UTIL: 23545841
8 28 24 31 16 17 #UTIL: 22578438
8 28 24 16 18 12 17 #UTIL: 23450633
8 28 24 16 18 17 #UTIL: 22440904
8 28 24 16 12 17 #UTIL: 22484831
8 28 27 43 21 31 16 18 12 17 #UTIL: 22486721
8 28 27 43 21 31 16 18 17 #UTIL: 21832809
8 28 27 43 21 31 16 12 17 #UTIL: 21868027
8 28 27 43 21 16 18 12 17 #UTIL: 21891853
8 28 43 29 21 31 16 18 12 17 #UTIL: 22301904
8 28 43 29 31 16 18 12 17 #UTIL: 22591219
8 28 43 29 31 16 18 17 #UTIL: 21847410
8 28 43 29 31 16 12 17 #UTIL: 21887703
8 28 43 29 16 18 12 17 #UTIL: 21913934
8 28 43 21 31 16 18 12 #UTIL: 22184447
8 28 43 21 31 16 18 12 17 #UTIL: 24400689
8 28 43 21 31 16 18 17 #UTIL: 23671169
8 28 43 21 31 16 12 17 #UTIL: 23713400
8 28 43 21 31 16 17 #UTIL: 22986427
8 28 43 21 16 18 12 17 #UTIL: 23729243
8 28 43 21 16 18 17 #UTIL: 22973988
8 28 43 21 16 12 17 #UTIL: 23020376
8 28 43 21 16 17 #UTIL: 22268666
8 28 43 31 16 18 12 #UTIL: 22366230
8 28 43 31 16 18 12 17 #UTIL: 24943121
8 28 43 31 16 18 17 #UTIL: 24093393
8 28 43 31 16 12 17 #UTIL: 24133486
8 28 43 31 16 17 #UTIL: 23285950
8 28 43 16 18 12 17 #UTIL: 24155480
8 28 43 16 18 17 #UTIL: 23271426
8 28 43 16 12 17 #UTIL: 23314896
8 28 43 16 17 #UTIL: 22434496
8 28 21 31 16 18 12 17 #UTIL: 23022535
8 28 21 31 16 18 17 #UTIL: 22179429
8 28 21 31 16 12 17 #UTIL: 22220583
8 28 21 16 18 12 17 #UTIL: 22108796
8 28 31 16 18 12 17 #UTIL: 22720824
8 15 24 43 21 31 16 18 12 17 #UTIL: 22738537
8 15 24 43 21 31 16 18 17 #UTIL: 22012094
8 15 24 43 21 31 16 12 17 #UTIL: 22047350
8 15 24 43 21 16 18 12 17 #UTIL: 22225267
8 15 24 43 31 16 18 12 17 #UTIL: 22571638
8 15 24 43 16 18 12 17 #UTIL: 21913371
8 24 27 43 21 31 16 18 12 17 #UTIL: 23698329
8 24 27 43 21 31 16 18 17 #UTIL: 22889935
8 24 27 43 21 31 16 12 17 #UTIL: 22918675
8 24 27 43 21 31 16 17 #UTIL: 22112949
8 24 27 43 21 16 18 12 17 #UTIL: 23220586
8 24 27 43 21 16 18 17 #UTIL: 22370987
8 24 27 43 21 16 12 17 #UTIL: 22401385
8 24 43 29 21 31 16 18 12 17 #UTIL: 23577944
8 24 43 29 21 31 16 18 17 #UTIL: 22775270
8 24 43 29 21 31 16 12 17 #UTIL: 22810009
8 24 43 29 21 31 16 17 #UTIL: 22010011
8 24 43 29 21 16 18 12 17 #UTIL: 23127305
8 24 43 29 21 16 18 17 #UTIL: 22282667
8 24 43 29 21 16 12 17 #UTIL: 22319112
8 24 43 29 31 16 18 12 17 #UTIL: 22916354
8 24 43 29 31 16 18 17 #UTIL: 22009665
8 24 43 29 31 16 12 17 #UTIL: 22042228
8 24 43 29 16 18 12 17 #UTIL: 22307214
8 24 43 21 31 16 18 #UTIL: 21835096
8 24 43 21 31 16 18 12 #UTIL: 22734217
8 24 43 21 31 16 18 12 17 #UTIL: 25459972
8 24 43 21 31 16 18 17 #UTIL: 24562130
8 24 43 21 31 16 12 #UTIL: 21864828
8 24 43 21 31 16 12 17 #UTIL: 24596060
8 24 43 21 31 16 17 #UTIL: 23700992
8 24 43 21 16 18 12 #UTIL: 22029000
8 24 43 21 16 18 12 17 #UTIL: 24898857
8 24 43 21 16 18 17 #UTIL: 23954375
8 24 43 21 16 12 17 #UTIL: 23989686
8 24 43 21 16 17 #UTIL: 23048794
8 24 43 31 16 18 12 17 #UTIL: 24891075
8 24 43 31 16 18 17 #UTIL: 23865253
8 24 43 31 16 12 17 #UTIL: 23896748
8 24 43 31 16 17 #UTIL: 22873294
8 24 43 16 18 12 17 #UTIL: 24132634
8 24 43 16 18 17 #UTIL: 23048403
8 24 43 16 12 17 #UTIL: 23080413
8 24 43 16 17 #UTIL: 21999800
8 24 21 31 16 18 12 17 #UTIL: 23131357
8 24 21 31 16 18 17 #UTIL: 22090342
8 24 21 31 16 12 17 #UTIL: 22121875
8 24 21 16 18 12 17 #UTIL: 22208243
8 27 43 21 31 16 18 12 17 #UTIL: 22271163
8 43 29 21 31 16 18 12 17 #UTIL: 22163702
8 43 21 31 16 18 12 17 #UTIL: 23869939
8 43 21 31 16 18 17 #UTIL: 22962592
8 43 21 31 16 12 17 #UTIL: 22994504
8 43 21 31 16 17 #UTIL: 22089642
8 43 21 16 18 12 17 #UTIL: 23218095
8 43 21 16 18 17 #UTIL: 22262939
8 43 21 16 12 17 #UTIL: 22296194
8 43 31 16 18 12 17 #UTIL: 23040292
8 43 31 16 18 17 #UTIL: 22003555
8 43 31 16 12 17 #UTIL: 22032755
8 43 16 18 12 17 #UTIL: 22166939
59 25 41 28 43 31 16 18 12 17 #UTIL: 21982750
59 25 28 15 43 31 16 18 12 17 #UTIL: 22133294
59 25 28 24 43 31 16 18 12 17 #UTIL: 21889520
59 25 28 27 43 21 31 16 18 12 17 #UTIL: 22050196
59 25 28 43 29 31 16 18 12 17 #UTIL: 22044685
59 25 28 43 21 31 16 18 12 #UTIL: 21986901
59 25 28 43 21 31 16 18 12 17 #UTIL: 23983075
59 25 28 43 21 31 16 18 17 #UTIL: 23321904
59 25 28 43 21 31 16 12 17 #UTIL: 23369533
59 25 28 43 21 31 16 17 #UTIL: 22706840
59 25 28 43 21 16 18 12 17 #UTIL: 23178996
59 25 28 43 21 16 18 17 #UTIL: 22502174
59 25 28 43 21 16 12 17 #UTIL: 22548788
59 25 28 43 21 16 17 #UTIL: 21870384
59 25 28 43 31 16 18 12 #UTIL: 22204480
59 25 28 43 31 16 18 12 17 #UTIL: 24497871
59 25 28 43 31 16 18 17 #UTIL: 23736871
59 25 28 43 31 16 12 17 #UTIL: 23783304
59 25 28 43 31 16 17 #UTIL: 23020620
59 25 28 43 16 18 12 17 #UTIL: 23618976
59 25 28 43 16 18 17 #UTIL: 22836166
59 25 28 43 16 12 17 #UTIL: 22880982
59 25 28 43 16 17 #UTIL: 22096423
59 25 28 21 31 16 18 12 17 #UTIL: 22195398
59 25 28 31 16 18 12 17 #UTIL: 22076720
59 25 43 21 31 16 18 12 17 #UTIL: 23070034
59 25 43 21 31 16 18 17 #UTIL: 22280042
59 25 43 21 31 16 12 17 #UTIL: 22317499
59 25 43 21 16 18 12 17 #UTIL: 21940819
59 25 43 31 16 18 12 17 #UTIL: 22472115
59 41 28 15 43 21 31 16 18 12 17 #UTIL: 21867087
59 41 28 15 43 31 16 18 12 17 #UTIL: 21876699
59 41 28 27 43 21 31 16 18 12 17 #UTIL: 22924742
59 41 28 27 43 21 31 16 18 17 #UTIL: 22253604
59 41 28 27 43 21 31 16 12 17 #UTIL: 22297975
59 41 28 27 43 21 16 18 12 17 #UTIL: 22026185
59 41 28 43 29 21 31 16 18 12 17 #UTIL: 22368696
59 41 28 43 29 31 16 18 12 17 #UTIL: 21970709
59 41 28 43 21 31 16 18 12 #UTIL: 22236973
59 41 28 43 21 31 16 18 12 17 #UTIL: 24458195
59 41 28 43 21 31 16 18 17 #UTIL: 23721110
59 41 28 43 21 31 16 12 17 #UTIL: 23772362
59 41 28 43 21 31 16 17 #UTIL: 23033547
59 41 28 43 21 16 18 12 17 #UTIL: 23454066
59 41 28 43 21 16 18 17 #UTIL: 22701640
59 41 28 43 21 16 12 17 #UTIL: 22751931
59 41 28 43 21 16 17 #UTIL: 21997696
59 41 28 43 31 16 18 12 17 #UTIL: 24103003
59 41 28 43 31 16 18 17 #UTIL: 23275365
59 41 28 43 31 16 12 17 #UTIL: 23323566
59 41 28 43 31 16 17 #UTIL: 22494056
59 41 28 43 16 18 12 17 #UTIL: 23001695
59 41 28 43 16 18 17 #UTIL: 22153410
59 41 28 43 16 12 17 #UTIL: 22199985
59 41 28 21 31 16 18 12 17 #UTIL: 22492151
59 41 15 43 21 31 16 18 12 17 #UTIL: 21947673
59 41 27 43 21 31 16 18 12 17 #UTIL: 22849574
59 41 27 43 21 31 16 18 17 #UTIL: 22007750
59 41 27 43 21 31 16 12 17 #UTIL: 22041596
59 41 43 29 21 31 16 18 12 17 #UTIL: 22363024
59 41 43 21 31 16 18 12 17 #UTIL: 24026268
59 41 43 21 31 16 18 17 #UTIL: 23107841
59 41 43 21 31 16 12 17 #UTIL: 23146703
59 41 43 21 31 16 17 #UTIL: 22226339
59 41 43 21 16 18 12 17 #UTIL: 22604098
59 41 43 31 16 18 12 17 #UTIL: 22402935
59 28 15 27 43 21 31 16 18 12 17 #UTIL: 22901420
59 28 15 27 43 21 31 16 18 17 #UTIL: 22268065
59 28 15 27 43 21 31 16 12 17 #UTIL: 22310808
59 28 15 27 43 21 16 18 12 17 #UTIL: 22110095
59 28 15 43 29 21 31 16 18 12 17 #UTIL: 22061328
59 28 15 43 29 31 16 18 12 17 #UTIL: 21920263
59 28 15 43 21 31 16 18 12 #UTIL: 22213066
59 28 15 43 21 31 16 18 12 17 #UTIL: 24294407
59 28 15 43 21 31 16 18 17 #UTIL: 23603685
59 28 15 43 21 31 16 12 17 #UTIL: 23654829
59 28 15 43 21 31 16 17 #UTIL: 22962505
59 28 15 43 21 16 18 12 17 #UTIL: 23417098
59 28 15 43 21 16 18 17 #UTIL: 22710921
59 28 15 43 21 16 12 17 #UTIL: 22760313
59 28 15 43 21 16 17 #UTIL: 22052486
59 28 15 43 31 16 18 12 #UTIL: 21909877
59 28 15 43 31 16 18 12 17 #UTIL: 24255199
59 28 15 43 31 16 18 17 #UTIL: 23475771
59 28 15 43 31 16 12 17 #UTIL: 23524599
59 28 15 43 31 16 17 #UTIL: 22743415
59 28 15 43 16 18 12 17 #UTIL: 23296817
59 28 15 43 16 18 17 #UTIL: 22496482
59 28 15 43 16 12 17 #UTIL: 22543074
59 28 15 21 31 16 18 12 17 #UTIL: 22643058
59 28 15 21 31 16 18 17 #UTIL: 21865483
59 28 15 21 31 16 12 17 #UTIL: 21914462
59 28 15 31 16 18 12 17 #UTIL: 21956790
59 28 24 27 43 21 31 16 18 12 17 #UTIL: 22047685
59 28 24 43 21 31 16 18 12 17 #UTIL: 23712909
59 28 24 43 21 31 16 18 17 #UTIL: 23020910
59 28 24 43 21 31 16 12 17 #UTIL: 23066270
59 28 24 43 21 31 16 17 #UTIL: 22372689
59 28 24 43 21 16 18 12 17 #UTIL: 22728214
59 28 24 43 21 16 18 17 #UTIL: 22023260
59 28 24 43 21 16 12 17 #UTIL: 22068329
59 28 24 43 31 16 18 12 17 #UTIL: 23668551
59 28 24 43 31 16 18 17 #UTIL: 22884702
59 28 24 43 31 16 12 17 #UTIL: 22927413
59 28 24 43 31 16 17 #UTIL: 22141855
59 28 24 43 16 18 12 17 #UTIL: 22566356
59 28 24 43 16 12 17 #UTIL: 21807168
59 28 24 21 31 16 18 12 17 #UTIL: 21853810
59 28 27 43 29 21 31 16 18 12 17 #UTIL: 22955241
59 28 27 43 29 21 31 16 18 17 #UTIL: 22284513
59 28 27 43 29 21 31 16 12 17 #UTIL: 22327286
59 28 27 43 29 21 16 18 12 17 #UTIL: 22085524
59 28 27 43 21 31 16 18 #UTIL: 22238057
59 28 27 43 21 31 16 18 12 #UTIL: 23000558
59 28 27 43 21 31 16 18 12 17 #UTIL: 25298540
59 28 27 43 21 31 16 18 17 #UTIL: 24536595
59 28 27 43 21 31 16 12 #UTIL: 22277280
59 28 27 43 21 31 16 12 17 #UTIL: 24580151
59 28 27 43 21 31 16 17 #UTIL: 23816698
59 28 27 43 21 16 18 12 #UTIL: 21953263
59 28 27 43 21 16 18 12 17 #UTIL: 24303556
59 28 27 43 21 16 18 17 #UTIL: 23524012
59 28 27 43 21 16 12 17 #UTIL: 23567786
59 28 27 43 21 16 17 #UTIL: 22786644
59 28 27 43 31 16 18 12 17 #UTIL: 23344324
59 28 27 43 31 16 18 17 #UTIL: 22543454
59 28 27 43 31 16 12 17 #UTIL: 22583336
59 28 27 43 16 18 12 17 #UTIL: 22291749
59 28 27 21 31 16 18 12 17 #UTIL: 23221546
59 28 27 21 31 16 18 17 #UTIL: 22365787
59 28 27 21 31 16 12 17 #UTIL: 22405583
59 28 27 21 16 18 12 17 #UTIL: 21985024
59 28 43 29 21 31 16 18 12 #UTIL: 22489829
59 28 43 29 21 31 16 18 12 17 #UTIL: 24735765
59 28 43 29 21 31 16 18 17 #UTIL: 23991789
59 28 43 29 21 31 16 12 17 #UTIL: 24041796
59 28 43 29 21 31 16 17 #UTIL: 23296041
59 28 43 29 21 16 18 12 17 #UTIL: 23752399
59 28 43 29 21 16 18 17 #UTIL: 22991595
59 28 43 29 21 16 12 17 #UTIL: 23041661
59 28 43 29 21 16 17 #UTIL: 22278985
59 28 43 29 31 16 18 12 17 #UTIL: 24232823
59 28 43 29 31 16 18 17 #UTIL: 23402022
59 28 43 29 31 16 12 17 #UTIL: 23449293
59 28 43 29 31 16 17 #UTIL: 22616558
59 28 43 29 16 18 12 17 #UTIL: 23146823
59 28 43 29 16 18 17 #UTIL: 22294214
59 28 43 29 16 12 17 #UTIL: 22340724
59 28 43 21 31 16 #UTIL: 22856606
59 28 43 21 31 16 18 #UTIL: 23652275
59 28 43 21 31 16 18 12 #UTIL: 24491557
59 28 43 21 31 16 18 12 17 #UTIL: 27023432
59 28 43 21 31 16 18 17 #UTIL: 26184789
59 28 43 21 31 16 12 #UTIL: 23697815
59 28 43 21 31 16 12 17 #UTIL: 26235508
59 28 43 21 31 16 17 #UTIL: 25394962
59 28 43 21 31 18 12 17 #UTIL: 22353360
59 28 43 21 16 18 #UTIL: 22458890
59 28 43 21 16 18 12 #UTIL: 23317419
59 28 43 21 16 18 12 17 #UTIL: 25906824
59 28 43 21 16 18 17 #UTIL: 25048942
59 28 43 21 16 12 #UTIL: 22503585
59 28 43 21 16 12 17 #UTIL: 25099233
59 28 43 21 16 17 #UTIL: 24239355
59 28 43 31 16 #UTIL: 21872340
59 28 43 31 16 18 #UTIL: 22776623
59 28 43 31 16 18 12 #UTIL: 23720912
59 28 43 31 16 18 12 17 #UTIL: 26564687
59 28 43 31 16 18 17 #UTIL: 25621067
59 28 43 31 16 12 #UTIL: 22818718
59 28 43 31 16 12 17 #UTIL: 25668734
59 28 43 31 16 17 #UTIL: 24723049
59 28 43 16 18 12 #UTIL: 22410960
59 28 43 16 18 12 17 #UTIL: 25332248
59 28 43 16 18 17 #UTIL: 24362921
59 28 43 16 12 17 #UTIL: 24409341
59 28 43 16 17 #UTIL: 23437851
59 28 29 21 31 16 18 12 17 #UTIL: 22764710
59 28 29 21 31 16 18 17 #UTIL: 21926577
59 28 29 21 31 16 12 17 #UTIL: 21973246
59 28 21 31 16 18 12 #UTIL: 21810421
59 28 21 31 16 18 12 17 #UTIL: 24653081
59 28 21 31 16 18 17 #UTIL: 23710191
59 28 21 31 16 12 17 #UTIL: 23757155
59 28 21 31 16 17 #UTIL: 22812003
59 28 21 16 18 12 17 #UTIL: 23265855
59 28 21 16 18 17 #UTIL: 22301468
59 28 21 16 12 17 #UTIL: 22347163
59 28 31 16 18 12 17 #UTIL: 23397353
59 28 31 16 18 17 #UTIL: 22338273
59 28 31 16 12 17 #UTIL: 22380519
59 28 16 18 12 17 #UTIL: 21836305
59 15 27 43 21 31 16 18 12 17 #UTIL: 23016844
59 15 27 43 21 31 16 18 17 #UTIL: 22227236
59 15 27 43 21 31 16 12 17 #UTIL: 22259664
59 15 27 43 21 16 18 12 17 #UTIL: 21857823
59 15 43 29 21 31 16 18 12 17 #UTIL: 22271904
59 15 43 21 31 16 18 12 17 #UTIL: 24115280
59 15 43 21 31 16 18 17 #UTIL: 23258975
59 15 43 21 31 16 12 17 #UTIL: 23297757
59 15 43 21 31 16 17 #UTIL: 22439680
59 15 43 21 16 18 12 17 #UTIL: 22842701
59 15 43 21 16 18 17 #UTIL: 21969134
59 15 43 21 16 12 17 #UTIL: 22005867
59 15 43 31 16 18 12 17 #UTIL: 22881533
59 15 43 31 16 18 17 #UTIL: 21932570
59 15 43 31 16 12 17 #UTIL: 21968357
59 24 27 43 21 31 16 18 12 17 #UTIL: 21914656
59 24 43 21 31 16 18 12 17 #UTIL: 23240290
59 24 43 21 31 16 18 17 #UTIL: 22386406
59 24 43 21 31 16 12 17 #UTIL: 22420645
59 24 43 21 16 18 12 17 #UTIL: 21891151
59 24 43 31 16 18 12 17 #UTIL: 21998612
59 27 43 29 21 31 16 18 12 17 #UTIL: 23027154
59 27 43 29 21 31 16 18 17 #UTIL: 22180207
59 27 43 29 21 31 16 12 17 #UTIL: 22212527
59 27 43 21 31 16 18 12 #UTIL: 22035265
59 27 43 21 31 16 18 12 17 #UTIL: 24907544
59 27 43 21 31 16 18 17 #UTIL: 23955678
59 27 43 21 31 16 12 17 #UTIL: 23988246
59 27 43 21 31 16 17 #UTIL: 23034679
59 27 43 21 16 18 12 17 #UTIL: 23467583
59 27 43 21 16 18 17 #UTIL: 22495662
59 27 43 21 16 12 17 #UTIL: 22527705
59 27 43 31 16 18 12 17 #UTIL: 21958992
59 43 29 21 31 16 18 12 17 #UTIL: 24428763
59 43 29 21 31 16 18 17 #UTIL: 23496404
59 43 29 21 31 16 12 17 #UTIL: 23534072
59 43 29 21 31 16 17 #UTIL: 22599718
59 43 29 21 16 18 12 17 #UTIL: 23008679
59 43 29 21 16 18 17 #UTIL: 22057008
59 43 29 21 16 12 17 #UTIL: 22094000
59 43 29 31 16 18 12 17 #UTIL: 22662512
59 43 21 31 16 18 #UTIL: 22023690
59 43 21 31 16 18 12 #UTIL: 23065598
59 43 21 31 16 18 12 17 #UTIL: 26209708
59 43 21 31 16 18 17 #UTIL: 25168696
59 43 21 31 16 12 #UTIL: 22056381
59 43 21 31 16 12 17 #UTIL: 25206485
59 43 21 31 16 17 #UTIL: 24163346
59 43 21 16 18 12 17 #UTIL: 24611976
59 43 21 16 18 17 #UTIL: 23549140
59 43 21 16 12 17 #UTIL: 23585761
59 43 21 16 17 #UTIL: 22520705
59 43 31 16 18 12 17 #UTIL: 24307810
59 43 31 16 18 17 #UTIL: 23156679
59 43 31 16 12 17 #UTIL: 23190664
59 43 31 16 17 #UTIL: 22037237
59 43 16 18 12 17 #UTIL: 22532383
59 21 31 16 18 12 17 #UTIL: 22378558
25 41 28 43 21 31 16 18 12 17 #UTIL: 23039266
25 41 28 43 21 31 16 18 17 #UTIL: 22387012
25 41 28 43 21 31 16 12 17 #UTIL: 22435277
25 41 28 43 21 16 18 12 17 #UTIL: 22287308
25 41 28 43 31 16 18 12 17 #UTIL: 23900324
25 41 28 43 31 16 18 17 #UTIL: 23134567
25 41 28 43 31 16 12 17 #UTIL: 23182481
25 41 28 43 31 16 17 #UTIL: 22418951
25 41 28 43 16 18 12 17 #UTIL: 23090827
25 41 28 43 16 18 17 #UTIL: 22300063
25 41 28 43 16 12 17 #UTIL: 22347501
25 41 43 21 31 16 18 12 17 #UTIL: 22207867
25 41 43 31 16 18 12 17 #UTIL: 21895749
25 28 15 24 43 31 16 18 12 17 #UTIL: 22324138
25 28 15 27 43 21 31 16 18 12 17 #UTIL: 22440634
25 28 15 27 43 21 31 16 18 17 #UTIL: 21854367
25 28 15 27 43 21 31 16 12 17 #UTIL: 21900545
25 28 15 27 43 21 16 18 12 17 #UTIL: 22015424
25 28 15 43 29 31 16 18 12 17 #UTIL: 22401745
25 28 15 43 29 31 16 12 17 #UTIL: 21801968
25 28 15 43 29 16 18 12 17 #UTIL: 21937267
25 28 15 43 21 31 16 18 12 #UTIL: 22308911
25 28 15 43 21 31 16 18 12 17 #UTIL: 24274174
25 28 15 43 21 31 16 18 17 #UTIL: 23624559
25 28 15 43 21 31 16 12 17 #UTIL: 23679828
25 28 15 43 21 31 16 17 #UTIL: 23034629
25 28 15 43 21 16 18 12 17 #UTIL: 23798820
25 28 15 43 21 16 18 17 #UTIL: 23125845
25 28 15 43 21 16 12 17 #UTIL: 23184946
25 28 15 43 21 16 17 #UTIL: 22517625
25 28 15 43 31 16 18 #UTIL: 22340521
25 28 15 43 31 16 18 12 #UTIL: 23104504
25 28 15 43 31 16 18 12 17 #UTIL: 25410748
25 28 15 43 31 16 18 17 #UTIL: 24647510
25 28 15 43 31 16 12 #UTIL: 22389863
25 28 15 43 31 16 12 17 #UTIL: 24702213
25 28 15 43 31 16 17 #UTIL: 23943161
25 28 15 43 16 18 12 #UTIL: 22469115
25 28 15 43 16 18 12 17 #UTIL: 24873149
25 28 15 43 16 18 17 #UTIL: 24078086
25 28 15 43 16 12 17 #UTIL: 24136100
25 28 15 43 16 17 #UTIL: 23347639
25 28 15 21 31 16 18 12 17 #UTIL: 23338734
25 28 15 21 31 16 18 17 #UTIL: 22592205
25 28 15 21 31 16 12 17 #UTIL: 22649027
25 28 15 21 31 16 17 #UTIL: 21906159
25 28 15 21 16 18 12 17 #UTIL: 22648413
25 28 15 21 16 18 17 #UTIL: 21874078
25 28 15 21 16 12 17 #UTIL: 21934570
25 28 15 31 16 18 12 17 #UTIL: 23734572
25 28 15 31 16 18 17 #UTIL: 22862059
25 28 15 31 16 12 17 #UTIL: 22916009
25 28 15 31 16 17 #UTIL: 22046770
25 28 15 16 18 12 17 #UTIL: 22917210
25 28 15 16 18 17 #UTIL: 22007227
25 28 15 16 12 17 #UTIL: 22064321
25 28 24 43 29 31 16 18 12 17 #UTIL: 22453453
25 28 24 43 29 31 16 12 17 #UTIL: 21824346
25 28 24 43 29 16 18 12 17 #UTIL: 21984576
25 28 24 43 21 31 16 18 12 #UTIL: 21961263
25 28 24 43 21 31 16 18 12 17 #UTIL: 23955432
25 28 24 43 21 31 16 18 17 #UTIL: 23298517
25 28 24 43 21 31 16 12 17 #UTIL: 23343261
25 28 24 43 21 31 16 17 #UTIL: 22689453
25 28 24 43 21 16 18 12 17 #UTIL: 23478212
25 28 24 43 21 16 18 17 #UTIL: 22796339
25 28 24 43 21 16 12 17 #UTIL: 22844655
25 28 24 43 21 16 17 #UTIL: 22167196
25 28 24 43 31 16 18 #UTIL: 22066029
25 28 24 43 31 16 18 12 #UTIL: 22845598
25 28 24 43 31 16 18 12 17 #UTIL: 25204986
25 28 24 43 31 16 18 17 #UTIL: 24426286
25 28 24 43 31 16 12 #UTIL: 22105426
25 28 24 43 31 16 12 17 #UTIL: 24470227
25 28 24 43 31 16 17 #UTIL: 23694348
25 28 24 43 16 18 12 #UTIL: 22183858
25 28 24 43 16 18 12 17 #UTIL: 24644595
25 28 24 43 16 18 17 #UTIL: 23832090
25 28 24 43 16 12 17 #UTIL: 23879293
25 28 24 43 16 17 #UTIL: 23071488
25 28 24 21 31 16 18 12 17 #UTIL: 22701671
25 28 24 21 31 16 18 17 #UTIL: 21953369
25 28 24 21 31 16 12 17 #UTIL: 21998024
25 28 24 21 16 18 12 17 #UTIL: 22036403
25 28 24 31 16 18 12 17 #UTIL: 23188740
25 28 24 31 16 18 17 #UTIL: 22305188
25 28 24 31 16 12 17 #UTIL: 22347336
25 28 24 16 18 12 17 #UTIL: 22371445
25 28 27 43 29 21 31 16 18 12 17 #UTIL: 22292856
25 28 27 43 29 21 16 18 12 17 #UTIL: 21914779
25 28 27 43 21 31 16 18 #UTIL: 22278425
25 28 27 43 21 31 16 18 12 #UTIL: 22991433
25 28 27 43 21 31 16 18 12 17 #UTIL: 25143409
25 28 27 43 21 31 16 18 17 #UTIL: 24431119
25 28 27 43 21 31 16 12 #UTIL: 22316691
25 28 27 43 21 31 16 12 17 #UTIL: 24473389
25 28 27 43 21 31 16 17 #UTIL: 23764530
25 28 27 43 21 16 18 12 #UTIL: 22458069
25 28 27 43 21 16 18 12 17 #UTIL: 24700698
25 28 27 43 21 16 18 17 #UTIL: 23958481
25 28 27 43 21 16 12 17 #UTIL: 24005167
25 28 27 43 21 16 17 #UTIL: 23267422
25 28 27 43 31 16 18 12 17 #UTIL: 23467108
25 28 27 43 31 16 18 17 #UTIL: 22715707
25 28 27 43 31 16 12 17 #UTIL: 22754925
25 28 27 43 31 16 17 #UTIL: 22006203
25 28 27 43 16 18 12 17 #UTIL: 22938724
25 28 27 43 16 18 17 #UTIL: 22153457
25 28 27 43 16 12 17 #UTIL: 22196139
25 28 27 21 31 16 18 12 17 #UTIL: 23808103
25 28 27 21 31 16 18 17 #UTIL: 22993206
25 28 27 21 31 16 12 17 #UTIL: 23034864
25 28 27 21 31 16 17 #UTIL: 22222506
25 28 27 21 16 18 12 17 #UTIL: 23132941
25 28 27 21 16 18 17 #UTIL: 22282365
25 28 27 21 16 12 17 #UTIL: 22327842
25 28 43 29 21 31 16 18 #UTIL: 21825475
25 28 43 29 21 31 16 18 12 #UTIL: 22521790
25 28 43 29 21 31 16 18 12 17 #UTIL: 24629984
25 28 43 29 21 31 16 18 17 #UTIL: 23934503
25 28 43 29 21 31 16 12 #UTIL: 21869740
25 28 43 29 21 31 16 12 17 #UTIL: 23983429
25 28 43 29 21 31 16 17 #UTIL: 23291354
25 28 43 29 21 16 18 12 #UTIL: 21997880
25 28 43 29 21 16 18 12 17 #UTIL: 24194167
25 28 43 29 21 16 18 17 #UTIL: 23469592
25 28 43 29 21 16 12 17 #UTIL: 23522785
25 28 43 29 21 16 17 #UTIL: 22802582
25 28 43 29 31 16 18 #UTIL: 22017810
25 28 43 29 31 16 18 12 #UTIL: 22825889
25 28 43 29 31 16 18 12 17 #UTIL: 25267369
25 28 43 29 31 16 18 17 #UTIL: 24460203
25 28 43 29 31 16 12 #UTIL: 22060980
25 28 43 29 31 16 12 17 #UTIL: 24508530
25 28 43 29 31 16 17 #UTIL: 23704145
25 28 43 29 16 18 12 #UTIL: 22214063
25 28 43 29 16 18 12 17 #UTIL: 24773011
25 28 43 29 16 18 17 #UTIL: 23927026
25 28 43 29 16 12 17 #UTIL: 23978875
25 28 43 29 16 17 #UTIL: 23137756
25 28 43 21 31 16 #UTIL: 23490643
25 28 43 21 31 16 18 #UTIL: 24242269
25 28 43 21 31 16 18 12 #UTIL: 25041801
25 28 43 21 31 16 18 12 17 #UTIL: 27462302
25 28 43 21 31 16 18 17 #UTIL: 26663718
25 28 43 21 31 16 12 #UTIL: 24286943
25 28 43 21 31 16 12 17 #UTIL: 26713242
25 28 43 21 31 16 17 #UTIL: 25918436
25 28 43 21 31 18 12 17 #UTIL: 23052962
25 28 43 21 31 18 17 #UTIL: 22237241
25 28 43 21 31 12 17 #UTIL: 22277115
25 28 43 21 16 #UTIL: 22812457
25 28 43 21 16 18 #UTIL: 23594085
25 28 43 21 16 18 12 #UTIL: 24427927
25 28 43 21 16 18 12 17 #UTIL: 26952246
25 28 43 21 16 18 17 #UTIL: 26119441
25 28 43 21 16 12 #UTIL: 23642178
25 28 43 21 16 12 17 #UTIL: 26173160
25 28 43 21 16 17 #UTIL: 25345193
25 28 43 21 18 12 17 #UTIL: 22428323
25 28 43 31 16 #UTIL: 23772757
25 28 43 31 16 18 #UTIL: 24666653
25 28 43 31 16 18 12 #UTIL: 25606742
25 28 43 31 16 18 12 17 #UTIL: 28447550
25 28 43 31 16 18 17 #UTIL: 27508512
25 28 43 31 16 12 #UTIL: 24710056
25 28 43 31 16 12 17 #UTIL: 27557291
25 28 43 31 16 17 #UTIL: 26621667
25 28 43 31 18 12 17 #UTIL: 23163655
25 28 43 31 18 17 #UTIL: 22205661
25 28 43 31 12 17 #UTIL: 22243959
25 28 43 16 #UTIL: 22954665
25 28 43 16 18 #UTIL: 23890734
25 28 43 16 18 12 #UTIL: 24877386
25 28 43 16 18 12 17 #UTIL: 27858860
25 28 43 16 18 17 #UTIL: 26873351
25 28 43 16 12 #UTIL: 23936757
25 28 43 16 12 17 #UTIL: 26925631
25 28 43 16 17 #UTIL: 25945630
25 28 43 18 12 17 #UTIL: 22384367
25 28 29 21 31 16 18 12 17 #UTIL: 23350721
25 28 29 21 31 16 18 17 #UTIL: 22554064
25 28 29 21 31 16 12 17 #UTIL: 22602526
25 28 29 21 31 16 17 #UTIL: 21808540
25 28 29 21 16 18 12 17 #UTIL: 22688286
25 28 29 21 16 18 17 #UTIL: 21856733
25 28 29 21 16 12 17 #UTIL: 21908694
25 28 29 31 16 18 12 17 #UTIL: 23220403
25 28 29 31 16 18 17 #UTIL: 22299433
25 28 29 31 16 12 17 #UTIL: 22345057
25 28 29 16 18 12 17 #UTIL: 22425124
25 28 21 31 16 18 #UTIL: 22228342
25 28 21 31 16 18 12 #UTIL: 23146103
25 28 21 31 16 18 12 17 #UTIL: 25920425
25 28 21 31 16 18 17 #UTIL: 25003788
25 28 21 31 16 12 #UTIL: 22271869
25 28 21 31 16 12 17 #UTIL: 25053088
25 28 21 31 16 17 #UTIL: 24139324
25 28 21 16 18 12 #UTIL: 22243702
25 28 21 16 18 12 17 #UTIL: 25142777
25 28 21 16 18 17 #UTIL: 24185050
25 28 21 16 12 17 #UTIL: 24237888
25 28 21 16 17 #UTIL: 23283957
25 28 31 16 18 12 #UTIL: 22714990
25 28 31 16 18 12 17 #UTIL: 25956370
25 28 31 16 18 17 #UTIL: 24883608
25 28 31 16 12 17 #UTIL: 24929802
25 28 31 16 17 #UTIL: 23859380
25 28 16 18 12 17 #UTIL: 25005301
25 28 16 18 17 #UTIL: 23877417
25 28 16 12 17 #UTIL: 23926465
25 28 16 17 #UTIL: 22802675
25 15 27 43 21 31 16 18 12 17 #UTIL: 22356186
25 15 27 43 21 16 18 12 17 #UTIL: 22029180
25 15 43 21 31 16 18 12 17 #UTIL: 23972360
25 15 43 21 31 16 18 17 #UTIL: 23181180
25 15 43 21 31 16 12 17 #UTIL: 23223582
25 15 43 21 31 16 17 #UTIL: 22437174
25 15 43 21 16 18 12 17 #UTIL: 23587302
25 15 43 21 16 18 17 #UTIL: 22755016
25 15 43 21 16 12 17 #UTIL: 22797963
25 15 43 21 16 17 #UTIL: 21971622
25 15 43 31 16 18 12 17 #UTIL: 23912532
25 15 43 31 16 18 17 #UTIL: 23000505
25 15 43 31 16 12 17 #UTIL: 23041554
25 15 43 31 16 17 #UTIL: 22133934
25 15 43 16 18 12 17 #UTIL: 23376084
25 15 43 16 18 17 #UTIL: 22411665
25 15 43 16 12 17 #UTIL: 22452601
25 15 21 31 16 18 12 17 #UTIL: 22076865
25 24 43 21 31 16 18 12 17 #UTIL: 23351247
25 24 43 21 31 16 18 17 #UTIL: 22555353
25 24 43 21 31 16 12 17 #UTIL: 22589429
25 24 43 21 31 16 17 #UTIL: 21796922
25 24 43 21 16 18 12 17 #UTIL: 22997303
25 24 43 21 16 18 17 #UTIL: 22156603
25 24 43 21 16 12 17 #UTIL: 22191088
25 24 43 31 16 18 12 17 #UTIL: 23381832
25 24 43 31 16 18 17 #UTIL: 22455803
25 24 43 31 16 12 17 #UTIL: 22488335
25 24 43 16 18 12 17 #UTIL: 22851846
25 24 43 16 18 17 #UTIL: 21868809
25 24 43 16 12 17 #UTIL: 21901338
25 27 43 29 21 31 16 18 12 17 #UTIL: 22073265
25 27 43 29 21 16 18 12 17 #UTIL: 21811194
25 27 43 21 31 16 18 12 #UTIL: 21924001
25 27 43 21 31 16 18 12 17 #UTIL: 24549559
25 27 43 21 31 16 18 17 #UTIL: 23681091
25 27 43 21 31 16 12 17 #UTIL: 23712124
25 27 43 21 31 16 17 #UTIL: 22847406
25 27 43 21 16 18 12 17 #UTIL: 24180182
25 27 43 21 16 18 17 #UTIL: 23259885
25 27 43 21 16 12 17 #UTIL: 23292346
25 27 43 21 16 17 #UTIL: 22376639
25 27 43 31 16 18 12 17 #UTIL: 22015929
25 27 21 31 16 18 12 17 #UTIL: 22073993
25 43 29 21 31 16 18 12 17 #UTIL: 24120730
25 43 29 21 31 16 18 17 #UTIL: 23268956
25 43 29 21 31 16 12 17 #UTIL: 23305437
25 43 29 21 31 16 17 #UTIL: 22457181
25 43 29 21 16 18 12 17 #UTIL: 23784750
25 43 29 21 16 18 17 #UTIL: 22881431
25 43 29 21 16 12 17 #UTIL: 22918790
25 43 29 21 16 17 #UTIL: 22019759
25 43 29 31 16 18 12 17 #UTIL: 23542647
25 43 29 31 16 18 17 #UTIL: 22570316
25 43 29 31 16 12 17 #UTIL: 22605704
25 43 29 16 18 12 17 #UTIL: 23039124
25 43 29 16 18 17 #UTIL: 22001968
25 43 29 16 12 17 #UTIL: 22037449
25 43 21 31 16 18 #UTIL: 22614345
25 43 21 31 16 18 12 #UTIL: 23587755
25 43 21 31 16 18 12 17 #UTIL: 26531726
25 43 21 31 16 18 17 #UTIL: 25559810
25 43 21 31 16 12 #UTIL: 22646419
25 43 21 31 16 12 17 #UTIL: 25596316
25 43 21 31 16 17 #UTIL: 24628268
25 43 21 16 18 #UTIL: 21916564
25 43 21 16 18 12 #UTIL: 22948632
25 43 21 16 18 12 17 #UTIL: 26073265
25 43 21 16 18 17 #UTIL: 25043029
25 43 21 16 12 #UTIL: 21948732
25 43 21 16 12 17 #UTIL: 25080156
25 43 21 16 17 #UTIL: 24054744
25 43 31 16 18 12 #UTIL: 22654707
25 43 31 16 18 12 17 #UTIL: 26046794
25 43 31 16 18 17 #UTIL: 24924333
25 43 31 16 12 17 #UTIL: 24959356
25 43 31 16 17 #UTIL: 23840212
25 43 16 18 12 17 #UTIL: 25375649
25 43 16 18 17 #UTIL: 24178768
25 43 16 12 17 #UTIL: 24213698
25 43 16 17 #UTIL: 23021843
25 21 31 16 18 12 17 #UTIL: 23707513
25 21 31 16 18 17 #UTIL: 22588213
25 21 31 16 12 17 #UTIL: 22622507
25 21 16 18 12 17 #UTIL: 22831446
25 31 16 18 12 17 #UTIL: 22027289
41 28 15 27 43 21 31 16 18 12 17 #UTIL: 22462260
41 28 15 27 43 21 31 16 18 17 #UTIL: 21823657
41 28 15 27 43 21 31 16 12 17 #UTIL: 21867701
41 28 15 43 21 31 16 18 12 17 #UTIL: 23759849
41 28 15 43 21 31 16 18 17 #UTIL: 23065998
41 28 15 43 21 31 16 12 17 #UTIL: 23117237
41 28 15 43 21 31 16 17 #UTIL: 22425742
41 28 15 43 21 16 18 12 17 #UTIL: 22873217
41 28 15 43 21 16 18 17 #UTIL: 22163614
41 28 15 43 21 16 12 17 #UTIL: 22214988
41 28 15 43 31 16 18 12 17 #UTIL: 23903234
41 28 15 43 31 16 18 17 #UTIL: 23111051
41 28 15 43 31 16 12 17 #UTIL: 23160795
41 28 15 43 31 16 17 #UTIL: 22370568
41 28 15 43 16 18 12 17 #UTIL: 22935748
41 28 15 43 16 18 17 #UTIL: 22121477
41 28 15 43 16 12 17 #UTIL: 22170766
41 28 15 21 31 16 18 12 17 #UTIL: 22616932
41 28 15 21 31 16 18 17 #UTIL: 21814015
41 28 15 21 31 16 12 17 #UTIL: 21863301
41 28 15 31 16 18 12 17 #UTIL: 22005450
41 28 24 43 21 31 16 18 12 17 #UTIL: 23000320
41 28 24 43 21 31 16 18 17 #UTIL: 22309501
41 28 24 43 21 31 16 12 17 #UTIL: 22356173
41 28 24 43 21 16 18 12 17 #UTIL: 22067316
41 28 24 43 31 16 18 12 17 #UTIL: 23217779
41 28 24 43 31 16 18 17 #UTIL: 22422694
41 28 24 43 31 16 12 17 #UTIL: 22467516
41 28 24 43 16 18 12 17 #UTIL: 22179330
41 28 27 43 29 21 31 16 18 12 17 #UTIL: 22692995
41 28 27 43 29 21 31 16 18 17 #UTIL: 22009161
41 28 27 43 29 21 31 16 12 17 #UTIL: 22054649
41 28 27 43 29 21 16 18 12 17 #UTIL: 21824449
41 28 27 43 21 31 16 18 12 #UTIL: 22546622
41 28 27 43 21 31 16 18 12 17 #UTIL: 24879001
41 28 27 43 21 31 16 18 17 #UTIL: 24106733
41 28 27 43 21 31 16 12 #UTIL: 21813954
41 28 27 43 21 31 16 12 17 #UTIL: 24151653
41 28 27 43 21 31 16 17 #UTIL: 23380702
41 28 27 43 21 16 18 12 17 #UTIL: 23893985
41 28 27 43 21 16 18 17 #UTIL: 23102930
41 28 27 43 21 16 12 17 #UTIL: 23149450
41 28 27 43 21 16 17 #UTIL: 22359409
41 28 27 43 31 16 18 12 17 #UTIL: 22762666
41 28 27 43 31 16 18 17 #UTIL: 21954198
41 28 27 43 31 16 12 17 #UTIL: 21994870
41 28 27 21 31 16 18 12 17 #UTIL: 23273938
41 28 27 21 31 16 18 17 #UTIL: 22383772
41 28 27 21 31 16 12 17 #UTIL: 22425001
41 28 27 21 16 18 12 17 #UTIL: 22010715
41 28 43 29 21 31 16 18 12 #UTIL: 22078501
41 28 43 29 21 31 16 18 12 17 #UTIL: 24361780
41 28 43 29 21 31 16 18 17 #UTIL: 23606608
41 28 43 29 21 31 16 12 17 #UTIL: 23658363
41 28 43 29 21 31 16 17 #UTIL: 22904697
41 28 43 29 21 16 18 12 17 #UTIL: 23394632
41 28 43 29 21 16 18 17 #UTIL: 22621140
41 28 43 29 21 16 12 17 #UTIL: 22673997
41 28 43 29 21 16 17 #UTIL: 21901714
41 28 43 29 31 16 18 12 17 #UTIL: 23989489
41 28 43 29 31 16 18 17 #UTIL: 23137668
41 28 43 29 31 16 12 17 #UTIL: 23187091
41 28 43 29 31 16 17 #UTIL: 22336224
41 28 43 29 16 18 12 17 #UTIL: 22931360
41 28 43 29 16 18 17 #UTIL: 22054579
41 28 43 29 16 12 17 #UTIL: 22104247
41 28 43 21 31 16 #UTIL: 22281012
41 28 43 21 31 16 18 #UTIL: 23082168
41 28 43 21 31 16 18 12 #UTIL: 23930234
41 28 43 21 31 16 18 12 17 #UTIL: 26495327
41 28 43 21 31 16 18 17 #UTIL: 25648064
41 28 43 21 31 16 12 #UTIL: 23127788
41 28 43 21 31 16 12 17 #UTIL: 25699202
41 28 43 21 31 16 17 #UTIL: 24853604
41 28 43 21 16 18 #UTIL: 21905582
41 28 43 21 16 18 12 #UTIL: 22774800
41 28 43 21 16 18 12 17 #UTIL: 25404069
41 28 43 21 16 18 17 #UTIL: 24535714
41 28 43 21 16 12 #UTIL: 21951766
41 28 43 21 16 12 17 #UTIL: 24587941
41 28 43 21 16 17 #UTIL: 23720907
41 28 43 31 16 18 #UTIL: 22405347
41 28 43 31 16 18 12 #UTIL: 23373703
41 28 43 31 16 18 12 17 #UTIL: 26294889
41 28 43 31 16 18 17 #UTIL: 25327378
41 28 43 31 16 12 #UTIL: 22448323
41 28 43 31 16 12 17 #UTIL: 25376337
41 28 43 31 16 17 #UTIL: 24410030
41 28 43 16 18 12 #UTIL: 22084421
41 28 43 16 18 12 17 #UTIL: 25095637
41 28 43 16 18 17 #UTIL: 24098490
41 28 43 16 12 17 #UTIL: 24147567
41 28 43 16 17 #UTIL: 23151731
41 28 29 21 31 16 18 12 17 #UTIL: 22868692
41 28 29 21 31 16 18 17 #UTIL: 21995319
41 28 29 21 31 16 12 17 #UTIL: 22043399
41 28 21 31 16 18 12 17 #UTIL: 24631430
41 28 21 31 16 18 17 #UTIL: 23653481
41 28 21 31 16 12 17 #UTIL: 23700776
41 28 21 31 16 17 #UTIL: 22723887
41 28 21 16 18 12 17 #UTIL: 23229480
41 28 21 16 18 17 #UTIL: 22226704
41 28 21 16 12 17 #UTIL: 22274246
41 28 31 16 18 12 17 #UTIL: 23484046
41 28 31 16 18 17 #UTIL: 22371635
41 28 31 16 12 17 #UTIL: 22414935
41 28 16 18 12 17 #UTIL: 21899664
41 15 27 43 21 31 16 18 12 17 #UTIL: 22565859
41 15 27 43 21 31 16 12 17 #UTIL: 21797591
41 15 43 29 21 31 16 18 12 17 #UTIL: 21883697
41 15 43 21 31 16 18 12 17 #UTIL: 23592245
41 15 43 21 31 16 18 17 #UTIL: 22724282
41 15 43 21 31 16 12 17 #UTIL: 22763288
41 15 43 21 31 16 17 #UTIL: 21897727
41 15 43 21 16 18 12 17 #UTIL: 22399196
41 15 43 31 16 18 12 17 #UTIL: 22482545
41 24 43 21 31 16 18 12 17 #UTIL: 22537618
41 27 43 29 21 31 16 18 12 17 #UTIL: 22702984
41 27 43 29 21 31 16 18 17 #UTIL: 21834801
41 27 43 29 21 31 16 12 17 #UTIL: 21869886
41 27 43 21 31 16 18 12 17 #UTIL: 24450815
41 27 43 21 31 16 18 17 #UTIL: 23478764
41 27 43 21 31 16 12 17 #UTIL: 23512876
41 27 43 21 31 16 17 #UTIL: 22542179
41 27 43 21 16 18 12 17 #UTIL: 23111989
41 27 43 21 16 18 17 #UTIL: 22113281
41 27 43 21 16 12 17 #UTIL: 22147511
41 43 29 21 31 16 18 12 17 #UTIL: 24016840
41 43 29 21 31 16 18 17 #UTIL: 23063174
41 43 29 21 31 16 12 17 #UTIL: 23102940
41 43 29 21 31 16 17 #UTIL: 22150736
41 43 29 21 16 18 12 17 #UTIL: 22710948
41 43 29 31 16 18 12 17 #UTIL: 22322415
41 43 21 31 16 18 12 #UTIL: 22457738
41 43 21 31 16 18 12 17 #UTIL: 25668503
41 43 21 31 16 18 17 #UTIL: 24606923
41 43 21 31 16 12 17 #UTIL: 24645544
41 43 21 31 16 17 #UTIL: 23585431
41 43 21 16 18 12 17 #UTIL: 24190644
41 43 21 16 18 17 #UTIL: 23099243
41 43 21 16 12 17 #UTIL: 23137386
41 43 21 16 17 #UTIL: 22047067
41 43 31 16 18 12 17 #UTIL: 23930012
41 43 31 16 18 17 #UTIL: 22740083
41 43 31 16 12 17 #UTIL: 22775529
41 43 16 18 12 17 #UTIL: 22261597
41 21 31 16 18 12 17 #UTIL: 22221467
28 15 24 27 43 21 31 16 18 12 17 #UTIL: 22342870
28 15 24 43 29 31 16 18 12 17 #UTIL: 21926469
28 15 24 43 21 31 16 18 12 #UTIL: 21881729
28 15 24 43 21 31 16 18 12 17 #UTIL: 23933160
28 15 24 43 21 31 16 18 17 #UTIL: 23255488
28 15 24 43 21 31 16 12 17 #UTIL: 23304355
28 15 24 43 21 31 16 17 #UTIL: 22629578
28 15 24 43 21 16 18 12 17 #UTIL: 23215405
28 15 24 43 21 16 18 17 #UTIL: 22518384
28 15 24 43 21 16 12 17 #UTIL: 22570070
28 15 24 43 21 16 17 #UTIL: 21877186
28 15 24 43 31 16 18 12 #UTIL: 22080573
28 15 24 43 31 16 18 12 17 #UTIL: 24444624
28 15 24 43 31 16 18 17 #UTIL: 23662617
28 15 24 43 31 16 12 17 #UTIL: 23710084
28 15 24 43 31 16 17 #UTIL: 22930655
28 15 24 43 16 18 12 17 #UTIL: 23615262
28 15 24 43 16 18 17 #UTIL: 22807783
28 15 24 43 16 12 17 #UTIL: 22857667
28 15 24 43 16 17 #UTIL: 22054540
28 15 24 21 31 16 18 12 17 #UTIL: 22907378
28 15 24 21 31 16 18 17 #UTIL: 22123383
28 15 24 21 31 16 12 17 #UTIL: 22172535
28 15 24 21 16 18 12 17 #UTIL: 21961403
28 15 24 31 16 18 12 17 #UTIL: 22675931
28 15 24 31 16 12 17 #UTIL: 21820800
28 15 27 43 29 21 31 16 18 12 17 #UTIL: 23440495
28 15 27 43 29 21 31 16 18 17 #UTIL: 22775535
28 15 27 43 29 21 31 16 12 17 #UTIL: 22820238
28 15 27 43 29 21 31 16 17 #UTIL: 22158054
28 15 27 43 29 21 16 18 12 17 #UTIL: 22803387
28 15 27 43 29 21 16 18 17 #UTIL: 22117384
28 15 27 43 29 21 16 12 17 #UTIL: 22165720
28 15 27 43 21 31 16 #UTIL: 22354190
28 15 27 43 21 31 16 18 #UTIL: 23074395
28 15 27 43 21 31 16 18 12 #UTIL: 23838822
28 15 27 43 21 31 16 18 12 17 #UTIL: 26144674
28 15 27 43 21 31 16 18 17 #UTIL: 25380860
28 15 27 43 21 31 16 12 #UTIL: 23115898
28 15 27 43 21 31 16 12 17 #UTIL: 25426891
28 15 27 43 21 31 16 17 #UTIL: 24666249
28 15 27 43 21 31 18 12 17 #UTIL: 21880009
28 15 27 43 21 16 18 #UTIL: 22245913
28 15 27 43 21 16 18 12 #UTIL: 23035529
28 15 27 43 21 16 18 12 17 #UTIL: 25417726
28 15 27 43 21 16 18 17 #UTIL: 24628797
28 15 27 43 21 16 12 #UTIL: 22290510
28 15 27 43 21 16 12 17 #UTIL: 24678605
28 15 27 43 21 16 17 #UTIL: 23893845
28 15 27 43 31 16 18 12 17 #UTIL: 24175072
28 15 27 43 31 16 18 17 #UTIL: 23374222
28 15 27 43 31 16 12 17 #UTIL: 23415999
28 15 27 43 31 16 17 #UTIL: 22617578
28 15 27 43 16 18 12 17 #UTIL: 23368877
28 15 27 43 16 18 17 #UTIL: 22539347
28 15 27 43 16 12 17 #UTIL: 22584062
28 15 27 29 21 31 16 18 12 17 #UTIL: 22582194
28 15 27 29 21 31 16 18 17 #UTIL: 21807983
28 15 27 29 21 31 16 12 17 #UTIL: 21852641
28 15 27 21 31 16 18 12 #UTIL: 22358147
28 15 27 21 31 16 18 12 17 #UTIL: 25039364
28 15 27 21 31 16 18 17 #UTIL: 24149953
28 15 27 21 31 16 12 17 #UTIL: 24195985
28 15 27 21 31 16 17 #UTIL: 23308849
28 15 27 21 16 18 12 17 #UTIL: 24027054
28 15 27 21 16 18 17 #UTIL: 23107825
28 15 27 21 16 12 17 #UTIL: 23157049
28 15 27 21 16 17 #UTIL: 22241063
28 15 27 31 16 18 12 17 #UTIL: 22487639
28 15 43 29 21 31 16 18 #UTIL: 22189953
28 15 43 29 21 31 16 18 12 #UTIL: 22923004
28 15 43 29 21 31 16 18 12 17 #UTIL: 25139074
28 15 43 29 21 31 16 18 17 #UTIL: 24406719
28 15 43 29 21 31 16 12 #UTIL: 22237064
28 15 43 29 21 31 16 12 17 #UTIL: 24458949
28 15 43 29 21 31 16 17 #UTIL: 23729726
28 15 43 29 21 16 18 12 #UTIL: 22146846
28 15 43 29 21 16 18 12 17 #UTIL: 24435534
28 15 43 29 21 16 18 17 #UTIL: 23679399
28 15 43 29 21 16 12 17 #UTIL: 23735065
28 15 43 29 21 16 17 #UTIL: 22982999
28 15 43 29 31 16 18 12 #UTIL: 22534183
28 15 43 29 31 16 18 12 17 #UTIL: 25034843
28 15 43 29 31 16 18 17 #UTIL: 24207316
28 15 43 29 31 16 12 17 #UTIL: 24257983
28 15 43 29 31 16 17 #UTIL: 23432941
28 15 43 29 16 18 12 17 #UTIL: 24235546
28 15 43 29 16 18 17 #UTIL: 23377471
28 15 43 29 16 12 17 #UTIL: 23430766
28 15 43 29 16 17 #UTIL: 22577148
28 15 43 21 31 16 #UTIL: 23666151
28 15 43 21 31 16 18 #UTIL: 24451395
28 15 43 21 31 16 18 12 #UTIL: 25287788
28 15 43 21 31 16 18 12 17 #UTIL: 27816033
28 15 43 21 31 16 18 17 #UTIL: 26980408
28 15 43 21 31 16 12 #UTIL: 24499614
28 15 43 21 31 16 12 17 #UTIL: 27034025
28 15 43 21 31 16 17 #UTIL: 26201876
28 15 43 21 31 18 12 17 #UTIL: 23197316
28 15 43 21 31 18 17 #UTIL: 22343621
28 15 43 21 31 12 17 #UTIL: 22387546
28 15 43 21 16 #UTIL: 22724816
28 15 43 21 16 18 #UTIL: 23534602
28 15 43 21 16 18 12 #UTIL: 24399150
28 15 43 21 16 18 12 17 #UTIL: 27013080
28 15 43 21 16 18 17 #UTIL: 26149389
28 15 43 21 16 12 #UTIL: 23585598
28 15 43 21 16 12 17 #UTIL: 26206541
28 15 43 21 16 17 #UTIL: 25347333
28 15 43 21 18 12 17 #UTIL: 22319845
28 15 43 31 16 #UTIL: 23192992
28 15 43 31 16 18 #UTIL: 24101665
28 15 43 31 16 18 12 #UTIL: 25058831
28 15 43 31 16 18 12 17 #UTIL: 27948211
28 15 43 31 16 18 17 #UTIL: 26991898
28 15 43 31 16 12 #UTIL: 24147675
28 15 43 31 16 12 17 #UTIL: 27043844
28 15 43 31 16 17 #UTIL: 26090638
28 15 43 31 18 12 17 #UTIL: 22569480
28 15 43 16 #UTIL: 22091294
28 15 43 16 18 #UTIL: 23033542
28 15 43 16 18 12 #UTIL: 24027799
28 15 43 16 18 12 17 #UTIL: 27030004
28 15 43 16 18 17 #UTIL: 26036692
28 15 43 16 12 #UTIL: 23081435
28 15 43 16 12 17 #UTIL: 26091384
28 15 43 16 17 #UTIL: 25103136
28 15 29 21 31 16 18 12 17 #UTIL: 24129415
28 15 29 21 31 16 18 17 #UTIL: 23274447
28 15 29 21 31 16 12 17 #UTIL: 23327253
28 15 29 21 31 16 17 #UTIL: 22474685
28 15 29 21 16 18 12 17 #UTIL: 23149709
28 15 29 21 16 18 17 #UTIL: 22266338
28 15 29 21 16 12 17 #UTIL: 22321854
28 15 29 31 16 18 12 17 #UTIL: 23253865
28 15 29 31 16 18 17 #UTIL: 22291704
28 15 29 31 16 12 17 #UTIL: 22340490
28 15 29 16 18 12 17 #UTIL: 22118241
28 15 21 31 16 18 #UTIL: 22609480
28 15 21 31 16 18 12 #UTIL: 23585990
28 15 21 31 16 18 12 17 #UTIL: 26533183
28 15 21 31 16 18 17 #UTIL: 25557551
28 15 21 31 16 12 #UTIL: 22657069
28 15 21 31 16 12 17 #UTIL: 25611566
28 15 21 31 16 17 #UTIL: 24638508
28 15 21 16 18 12 #UTIL: 22361262
28 15 21 16 18 12 17 #UTIL: 25410660
28 15 21 16 18 17 #UTIL: 24401519
28 15 21 16 12 17 #UTIL: 24458406
28 15 21 16 17 #UTIL: 23452736
28 15 31 16 18 12 #UTIL: 22368875
28 15 31 16 18 12 17 #UTIL: 25722277
28 15 31 16 18 17 #UTIL: 24611038
28 15 31 16 12 17 #UTIL: 24660827
28 15 31 16 17 #UTIL: 23551596
28 15 16 18 12 17 #UTIL: 24406810
28 15 16 18 17 #UTIL: 23251757
28 15 16 12 17 #UTIL: 23303654
28 15 16 17 #UTIL: 22152254
28 24 27 43 29 21 31 16 18 12 17 #UTIL: 22632207
28 24 27 43 29 21 31 16 18 17 #UTIL: 21972444
28 24 27 43 29 21 31 16 12 17 #UTIL: 22014535
28 24 27 43 29 21 16 18 12 17 #UTIL: 22035201
28 24 27 43 21 31 16 18 #UTIL: 22028846
28 24 27 43 21 31 16 18 12 #UTIL: 22781959
28 24 27 43 21 31 16 18 12 17 #UTIL: 25058676
28 24 27 43 21 31 16 18 17 #UTIL: 24306320
28 24 27 43 21 31 16 12 #UTIL: 22066786
28 24 27 43 21 31 16 12 17 #UTIL: 24348517
28 24 27 43 21 31 16 17 #UTIL: 23598152
28 24 27 43 21 16 18 12 #UTIL: 22013702
28 24 27 43 21 16 18 12 17 #UTIL: 24370379
28 24 27 43 21 16 18 17 #UTIL: 23591675
28 24 27 43 21 16 12 17 #UTIL: 23637797
28 24 27 43 21 16 17 #UTIL: 22862111
28 24 27 43 31 16 18 12 17 #UTIL: 23058781
28 24 27 43 31 16 18 17 #UTIL: 22270265
28 24 27 43 31 16 12 17 #UTIL: 22308232
28 24 27 43 16 18 12 17 #UTIL: 22268146
28 24 27 21 31 16 18 12 17 #UTIL: 23597468
28 24 27 21 31 16 18 17 #UTIL: 22729872
28 24 27 21 31 16 12 17 #UTIL: 22770729
28 24 27 21 31 16 17 #UTIL: 21904431
28 24 27 21 16 18 12 17 #UTIL: 22654788
28 24 27 21 16 12 17 #UTIL: 21800273
28 24 43 29 21 31 16 18 12 #UTIL: 22420646
28 24 43 29 21 31 16 18 12 17 #UTIL: 24661415
28 24 43 29 21 31 16 18 17 #UTIL: 23922783
28 24 43 29 21 31 16 12 17 #UTIL: 23971732
28 24 43 29 21 31 16 17 #UTIL: 23235101
28 24 43 29 21 16 18 12 17 #UTIL: 23985965
28 24 43 29 21 16 18 17 #UTIL: 23221324
28 24 43 29 21 16 12 17 #UTIL: 23274216
28 24 43 29 21 16 17 #UTIL: 22512509
28 24 43 29 31 16 18 12 #UTIL: 22131733
28 24 43 29 31 16 18 12 17 #UTIL: 24682433
28 24 43 29 31 16 18 17 #UTIL: 23839801
28 24 43 29 31 16 12 17 #UTIL: 23886378
28 24 43 29 31 16 17 #UTIL: 23045210
28 24 43 29 16 18 12 17 #UTIL: 23898257
28 24 43 29 16 18 17 #UTIL: 23021905
28 24 43 29 16 12 17 #UTIL: 23071746
28 24 43 29 16 17 #UTIL: 22198296
28 24 43 21 31 16 #UTIL: 22893743
28 24 43 21 31 16 18 #UTIL: 23684965
28 24 43 21 31 16 18 12 #UTIL: 24521824
28 24 43 21 31 16 18 12 17 #UTIL: 27058391
28 24 43 21 31 16 18 17 #UTIL: 26222488
28 24 43 21 31 16 12 #UTIL: 23728859
28 24 43 21 31 16 12 17 #UTIL: 26271536
28 24 43 21 31 16 17 #UTIL: 25437778
28 24 43 21 31 18 12 17 #UTIL: 22437889
28 24 43 21 16 #UTIL: 21969291
28 24 43 21 16 18 #UTIL: 22786828
28 24 43 21 16 18 12 #UTIL: 23653908
28 24 43 21 16 18 12 17 #UTIL: 26281266
28 24 43 21 16 18 17 #UTIL: 25415243
28 24 43 21 16 12 #UTIL: 22833770
28 24 43 21 16 12 17 #UTIL: 25468124
28 24 43 21 16 17 #UTIL: 24605275
28 24 43 31 16 #UTIL: 22493326
28 24 43 31 16 18 #UTIL: 23417606
28 24 43 31 16 18 12 #UTIL: 24384211
28 24 43 31 16 18 12 17 #UTIL: 27307962
28 24 43 31 16 18 17 #UTIL: 26342416
28 24 43 31 16 12 #UTIL: 23458673
28 24 43 31 16 12 17 #UTIL: 26389094
28 24 43 31 16 17 #UTIL: 25425274
28 24 43 31 18 12 17 #UTIL: 21870089
28 24 43 16 18 #UTIL: 22342694
28 24 43 16 18 12 #UTIL: 23348998
28 24 43 16 18 12 17 #UTIL: 26391724
28 24 43 16 18 17 #UTIL: 25386580
28 24 43 16 12 #UTIL: 22386010
28 24 43 16 12 17 #UTIL: 25436400
28 24 43 16 17 #UTIL: 24434459
28 24 29 21 31 16 18 12 17 #UTIL: 23291855
28 24 29 21 31 16 18 17 #UTIL: 22437671
28 24 29 21 31 16 12 17 #UTIL: 22485372
28 24 29 21 16 18 12 17 #UTIL: 22361485
28 24 29 31 16 18 12 17 #UTIL: 22521804
28 24 21 31 16 18 12 #UTIL: 22445719
28 24 21 31 16 18 12 17 #UTIL: 25372889
28 24 21 31 16 18 17 #UTIL: 24406132
28 24 21 31 16 12 17 #UTIL: 24453969
28 24 21 31 16 17 #UTIL: 23488495
28 24 21 16 18 12 17 #UTIL: 24306959
28 24 21 16 18 17 #UTIL: 23303331
28 24 21 16 12 17 #UTIL: 23355406
28 24 21 16 17 #UTIL: 22353941
28 24 31 16 18 12 17 #UTIL: 24666377
28 24 31 16 18 17 #UTIL: 23553777
28 24 31 16 12 17 #UTIL: 23597062
28 24 31 16 17 #UTIL: 22485211
28 24 16 18 12 17 #UTIL: 23377937
28 24 16 18 17 #UTIL: 22217410
28 24 16 12 17 #UTIL: 22264066
28 27 43 29 21 31 16 #UTIL: 22180242
28 27 43 29 21 31 16 18 #UTIL: 22950524
28 27 43 29 21 31 16 18 12 #UTIL: 23763449
28 27 43 29 21 31 16 18 12 17 #UTIL: 26219445
28 27 43 29 21 31 16 18 17 #UTIL: 25407347
28 27 43 29 21 31 16 12 #UTIL: 22991451
28 27 43 29 21 31 16 12 17 #UTIL: 25453066
28 27 43 29 21 31 16 17 #UTIL: 24643080
28 27 43 29 21 16 18 #UTIL: 22128504
28 27 43 29 21 16 18 12 #UTIL: 22972559
28 27 43 29 21 16 18 12 17 #UTIL: 25522501
28 27 43 29 21 16 18 17 #UTIL: 24679374
28 27 43 29 21 16 12 #UTIL: 22173988
28 27 43 29 21 16 12 17 #UTIL: 24730522
28 27 43 29 21 16 17 #UTIL: 23890220
28 27 43 29 31 16 18 12 17 #UTIL: 23893898
28 27 43 29 31 16 18 17 #UTIL: 23047151
28 27 43 29 31 16 12 17 #UTIL: 23088491
28 27 43 29 31 16 17 #UTIL: 22243190
28 27 43 29 16 18 12 17 #UTIL: 23088286
28 27 43 29 16 18 17 #UTIL: 22207131
28 27 43 29 16 12 17 #UTIL: 22252741
28 27 43 21 31 16 #UTIL: 24456061
28 27 43 21 31 16 18 #UTIL: 25343910
28 27 43 21 31 16 18 12 #UTIL: 26275030
28 27 43 21 31 16 18 12 17 #UTIL: 29088536
28 27 43 21 31 16 18 17 #UTIL: 28158387
28 27 43 21 31 16 12 #UTIL: 25385228
28 27 43 21 31 16 12 17 #UTIL: 28204716
28 27 43 21 31 16 17 #UTIL: 27276973
28 27 43 21 31 18 12 17 #UTIL: 23884641
28 27 43 21 31 18 17 #UTIL: 22935931
28 27 43 21 31 12 17 #UTIL: 22972949
28 27 43 21 31 17 #UTIL: 22042451
28 27 43 21 16 #UTIL: 23472705
28 27 43 21 16 18 #UTIL: 24392215
28 27 43 21 16 18 12 #UTIL: 25360093
28 27 43 21 16 18 12 17 #UTIL: 28284635
28 27 43 21 16 18 17 #UTIL: 27317829
28 27 43 21 16 12 #UTIL: 24437999
28 27 43 21 16 12 17 #UTIL: 27369562
28 27 43 21 16 17 #UTIL: 26405946
28 27 43 21 18 12 17 #UTIL: 22956908
28 27 43 21 18 17 #UTIL: 21965866
28 27 43 21 12 17 #UTIL: 22006160
28 27 43 31 16 18 #UTIL: 22569240
28 27 43 31 16 18 12 #UTIL: 23543797
28 27 43 31 16 18 12 17 #UTIL: 26484935
28 27 43 31 16 18 17 #UTIL: 25511382
28 27 43 31 16 12 #UTIL: 22605764
28 27 43 31 16 12 17 #UTIL: 25553145
28 27 43 31 16 17 #UTIL: 24581239
28 27 43 16 18 12 #UTIL: 22490086
28 27 43 16 18 12 17 #UTIL: 25555427
28 27 43 16 18 17 #UTIL: 24540802
28 27 43 16 12 17 #UTIL: 24586732
28 27 43 16 17 #UTIL: 23574515
28 27 29 21 31 16 18 12 #UTIL: 21875127
28 27 29 21 31 16 18 12 17 #UTIL: 24725502
28 27 29 21 31 16 18 17 #UTIL: 23781444
28 27 29 21 31 16 12 17 #UTIL: 23825533
28 27 29 21 31 16 17 #UTIL: 22882728
28 27 29 21 16 18 12 17 #UTIL: 23721780
28 27 29 21 16 18 17 #UTIL: 22740447
28 27 29 21 16 12 17 #UTIL: 22789251
28 27 29 21 16 17 #UTIL: 21809732
28 27 29 31 16 18 12 17 #UTIL: 21803434
28 27 21 31 16 #UTIL: 21842150
28 27 21 31 16 18 #UTIL: 22885303
28 27 21 31 16 18 12 #UTIL: 23968117
28 27 21 31 16 18 12 17 #UTIL: 27234202
28 27 21 31 16 18 17 #UTIL: 26152466
28 27 21 31 16 12 #UTIL: 22924092
28 27 21 31 16 12 17 #UTIL: 26197168
28 27 21 31 16 17 #UTIL: 25116817
28 27 21 16 18 12 #UTIL: 22674690
28 27 21 16 18 12 17 #UTIL: 26074244
28 27 21 16 18 17 #UTIL: 24948372
28 27 21 16 12 17 #UTIL: 24997744
28 27 21 16 17 #UTIL: 23873912
28 27 31 16 18 12 17 #UTIL: 23927789
28 27 31 16 18 17 #UTIL: 22795121
28 27 31 16 12 17 #UTIL: 22833248
28 27 16 18 12 17 #UTIL: 22589399
28 43 29 21 31 16 #UTIL: 23846679
28 43 29 21 31 16 18 #UTIL: 24703419
28 43 29 21 31 16 18 12 #UTIL: 25608655
28 43 29 21 31 16 18 12 17 #UTIL: 28350187
28 43 29 21 31 16 18 17 #UTIL: 27446014
28 43 29 21 31 16 12 #UTIL: 24750063
28 43 29 21 31 16 12 17 #UTIL: 27498326
28 43 29 21 31 16 17 #UTIL: 26596494
28 43 29 21 31 18 12 17 #UTIL: 23369223
28 43 29 21 31 18 17 #UTIL: 22443082
28 43 29 21 31 12 17 #UTIL: 22484464
28 43 29 21 16 #UTIL: 22887937
28 43 29 21 16 18 #UTIL: 23775738
28 43 29 21 16 18 12 #UTIL: 24716660
28 43 29 21 16 18 12 17 #UTIL: 27565924
28 43 29 21 16 18 17 #UTIL: 26626181
28 43 29 21 16 12 #UTIL: 23826442
28 43 29 21 16 12 17 #UTIL: 26683500
28 43 29 21 16 17 #UTIL: 25746804
28 43 29 21 18 12 17 #UTIL: 22469270
28 43 29 31 16 #UTIL: 22797986
28 43 29 31 16 18 #UTIL: 23777988
28 43 29 31 16 18 12 #UTIL: 24802776
28 43 29 31 16 18 12 17 #UTIL: 27899652
28 43 29 31 16 18 17 #UTIL: 26876006
28 43 29 31 16 12 #UTIL: 23821667
28 43 29 31 16 12 17 #UTIL: 26925882
28 43 29 31 16 17 #UTIL: 25903865
28 43 29 31 18 12 17 #UTIL: 22155669
28 43 29 16 18 #UTIL: 22686185
28 43 29 16 18 12 #UTIL: 23757088
28 43 29 16 18 12 17 #UTIL: 26992892
28 43 29 16 18 17 #UTIL: 25923250
28 43 29 16 12 #UTIL: 22732690
28 43 29 16 12 17 #UTIL: 25976989
28 43 29 16 17 #UTIL: 24910573
28 43 21 31 16 #UTIL: 26045687
28 43 21 31 16 18 #UTIL: 27025855
28 43 21 31 16 18 12 #UTIL: 28054983
28 43 21 31 16 18 12 17 #UTIL: 31171329
28 43 21 31 16 18 17 #UTIL: 30143408
28 43 21 31 16 12 #UTIL: 27072778
28 43 21 31 16 12 17 #UTIL: 30196275
28 43 21 31 16 17 #UTIL: 29170937
28 43 21 31 18 12 #UTIL: 22266630
28 43 21 31 18 12 17 #UTIL: 25448730
28 43 21 31 18 17 #UTIL: 24397368
28 43 21 31 12 17 #UTIL: 24438803
28 43 21 31 17 #UTIL: 23406141
28 43 21 16 #UTIL: 24937981
28 43 21 16 18 #UTIL: 25955297
28 43 21 16 18 12 #UTIL: 27026111
28 43 21 16 18 12 17 #UTIL: 30268356
28 43 21 16 18 17 #UTIL: 29198865
28 43 21 16 12 #UTIL: 26006162
28 43 21 16 12 17 #UTIL: 29256687
28 43 21 16 17 #UTIL: 28190546
28 43 21 18 12 17 #UTIL: 24400177
28 43 21 18 17 #UTIL: 23300612
28 43 21 12 17 #UTIL: 23344788
28 43 21 17 #UTIL: 22265204
28 43 31 16 #UTIL: 25023960
28 43 31 16 18 #UTIL: 26157793
28 43 31 16 18 12 #UTIL: 27336831
28 43 31 16 18 12 17 #UTIL: 30899808
28 43 31 16 18 17 #UTIL: 29722080
28 43 31 16 12 #UTIL: 26201549
28 43 31 16 12 17 #UTIL: 29772369
28 43 31 16 17 #UTIL: 28596714
28 43 31 18 12 17 #UTIL: 24227236
28 43 31 18 17 #UTIL: 23024018
28 43 31 12 17 #UTIL: 23061923
28 43 31 17 #UTIL: 21876273
28 43 16 #UTIL: 23695504
28 43 16 18 #UTIL: 24880238
28 43 16 18 12 #UTIL: 26114112
28 43 16 18 12 17 #UTIL: 29842206
28 43 16 18 17 #UTIL: 28609761
28 43 16 12 #UTIL: 24926680
28 43 16 12 17 #UTIL: 28663854
28 43 16 17 #UTIL: 27435055
28 43 18 12 17 #UTIL: 22933596
28 29 21 31 16 18 #UTIL: 22357258
28 29 21 31 16 18 12 #UTIL: 23412690
28 29 21 31 16 18 12 17 #UTIL: 26602942
28 29 21 31 16 18 17 #UTIL: 25548764
28 29 21 31 16 12 #UTIL: 22401704
28 29 21 31 16 12 17 #UTIL: 25600017
28 29 21 31 16 17 #UTIL: 24547239
28 29 21 16 18 12 #UTIL: 22148764
28 29 21 16 18 12 17 #UTIL: 25468943
28 29 21 16 18 17 #UTIL: 24371666
28 29 21 16 12 17 #UTIL: 24427126
28 29 21 16 17 #UTIL: 23331729
28 29 31 16 18 12 17 #UTIL: 25163119
28 29 31 16 18 17 #UTIL: 23973791
28 29 31 16 12 17 #UTIL: 24019881
28 29 31 16 17 #UTIL: 22831147
28 29 16 18 12 17 #UTIL: 23815613
28 29 16 18 17 #UTIL: 22570939
28 29 16 12 17 #UTIL: 22620011
28 21 31 16 #UTIL: 23043505
28 21 31 16 18 #UTIL: 24198501
28 21 31 16 18 12 #UTIL: 25398781
28 21 31 16 18 12 17 #UTIL: 29025851
28 21 31 16 18 17 #UTIL: 27826969
28 21 31 16 12 #UTIL: 24242958
28 21 31 16 12 17 #UTIL: 27878527
28 21 31 16 17 #UTIL: 26681117
28 21 31 18 12 17 #UTIL: 22249868
28 21 16 18 #UTIL: 22688393
28 21 16 18 12 #UTIL: 23939218
28 21 16 18 12 17 #UTIL: 27718796
28 21 16 18 17 #UTIL: 26469517
28 21 16 12 #UTIL: 22735781
28 21 16 12 17 #UTIL: 26525309
28 21 16 17 #UTIL: 25278057
28 31 16 18 #UTIL: 22051752
28 31 16 18 12 #UTIL: 23421225
28 31 16 18 12 17 #UTIL: 27552264
28 31 16 18 17 #UTIL: 26184328
28 31 16 12 #UTIL: 22090110
28 31 16 12 17 #UTIL: 26230430
28 31 16 17 #UTIL: 24863247
28 16 18 12 17 #UTIL: 25975472
28 16 18 17 #UTIL: 24541843
28 16 12 17 #UTIL: 24590862
28 16 17 #UTIL: 23159133
15 24 27 43 21 31 16 18 12 17 #UTIL: 22619876
15 24 27 43 21 31 16 18 17 #UTIL: 21844911
15 24 27 43 21 31 16 12 17 #UTIL: 21876976
15 24 27 43 21 16 18 12 17 #UTIL: 22008017
15 24 43 29 21 31 16 18 12 17 #UTIL: 22042163
15 24 43 21 31 16 18 12 17 #UTIL: 23961823
15 24 43 21 31 16 18 17 #UTIL: 23113366
15 24 43 21 31 16 12 17 #UTIL: 23150551
15 24 43 21 31 16 17 #UTIL: 22305169
15 24 43 21 16 18 12 17 #UTIL: 23268265
15 24 43 21 16 18 17 #UTIL: 22382434
15 24 43 21 16 12 17 #UTIL: 22419827
15 24 43 31 16 18 12 17 #UTIL: 23219201
15 24 43 31 16 18 17 #UTIL: 22259099
15 24 43 31 16 12 17 #UTIL: 22294140
15 24 43 16 18 12 17 #UTIL: 22333798
15 24 21 31 16 18 12 17 #UTIL: 21818234
15 27 43 29 21 31 16 18 12 17 #UTIL: 23953374
15 27 43 29 21 31 16 18 17 #UTIL: 23104584
15 27 43 29 21 31 16 12 17 #UTIL: 23137931
15 27 43 29 21 31 16 17 #UTIL: 22292181
15 27 43 29 21 16 18 12 17 #UTIL: 23307955
15 27 43 29 21 16 18 17 #UTIL: 22419505
15 27 43 29 21 16 12 17 #UTIL: 22454092
15 27 43 21 31 16 18 #UTIL: 22386284
15 27 43 21 31 16 18 12 #UTIL: 23353254
15 27 43 21 31 16 18 12 17 #UTIL: 26270564
15 27 43 21 31 16 18 17 #UTIL: 25304546
15 27 43 21 31 16 12 #UTIL: 22416175
15 27 43 21 31 16 12 17 #UTIL: 25338772
15 27 43 21 31 16 17 #UTIL: 24376170
15 27 43 21 16 18 12 #UTIL: 22435621
15 27 43 21 16 18 12 17 #UTIL: 25492917
15 27 43 21 16 18 17 #UTIL: 24481680
15 27 43 21 16 12 17 #UTIL: 24516969
15 27 43 21 16 17 #UTIL: 23509927
15 27 43 31 16 18 12 17 #UTIL: 23287227
15 27 43 31 16 18 17 #UTIL: 22281224
15 27 43 31 16 12 17 #UTIL: 22310841
15 27 43 16 18 12 17 #UTIL: 22329734
15 27 29 21 31 16 18 12 17 #UTIL: 21908320
15 27 21 31 16 18 12 17 #UTIL: 23797232
15 27 21 31 16 18 17 #UTIL: 22669975
15 27 21 31 16 12 17 #UTIL: 22702386
15 27 21 16 18 12 17 #UTIL: 22595225
15 43 29 21 31 16 18 12 #UTIL: 22557759
15 43 29 21 31 16 18 12 17 #UTIL: 25374858
15 43 29 21 31 16 18 17 #UTIL: 24443918
15 43 29 21 31 16 12 17 #UTIL: 24482658
15 43 29 21 31 16 17 #UTIL: 23554879
15 43 29 21 16 18 12 17 #UTIL: 24648492
15 43 29 21 16 18 17 #UTIL: 23673208
15 43 29 21 16 12 17 #UTIL: 23712547
15 43 29 21 16 17 #UTIL: 22741151
15 43 29 31 16 18 12 17 #UTIL: 23970147
15 43 29 31 16 18 17 #UTIL: 22936221
15 43 29 31 16 12 17 #UTIL: 22972939
15 43 29 31 16 17 #UTIL: 21941461
15 43 29 16 18 12 17 #UTIL: 23053614
15 43 29 16 18 17 #UTIL: 21965738
15 43 29 16 12 17 #UTIL: 22002083
15 43 21 31 16 #UTIL: 22362349
15 43 21 31 16 18 #UTIL: 23379631
15 43 21 31 16 18 12 #UTIL: 24434051
15 43 21 31 16 18 12 17 #UTIL: 27620120
15 43 21 31 16 18 17 #UTIL: 26566936
15 43 21 31 16 12 #UTIL: 23414006
15 43 21 31 16 12 17 #UTIL: 26606444
15 43 21 31 16 17 #UTIL: 25556728
15 43 21 16 18 #UTIL: 22300234
15 43 21 16 18 12 #UTIL: 23405191
15 43 21 16 18 12 17 #UTIL: 26747342
15 43 21 16 18 17 #UTIL: 25643938
15 43 21 16 12 #UTIL: 22334405
15 43 21 16 12 17 #UTIL: 25683819
15 43 21 16 17 #UTIL: 24584745
15 43 31 16 18 12 #UTIL: 22639720
15 43 31 16 18 12 17 #UTIL: 26211259
15 43 31 16 18 17 #UTIL: 25028556
15 43 31 16 12 17 #UTIL: 25065544
15 43 31 16 17 #UTIL: 23885774
15 43 16 18 12 17 #UTIL: 25106458
15 43 16 18 17 #UTIL: 23861496
15 43 16 12 17 #UTIL: 23897909
15 43 16 17 #UTIL: 22657425
15 29 21 31 16 18 12 17 #UTIL: 23055575
15 29 21 31 16 18 17 #UTIL: 21965499
15 29 21 31 16 12 17 #UTIL: 22002598
15 29 21 16 18 12 17 #UTIL: 21916962
15 21 31 16 18 12 17 #UTIL: 24832608
15 21 31 16 18 17 #UTIL: 23599030
15 21 31 16 12 17 #UTIL: 23636525
15 21 31 16 17 #UTIL: 22405398
15 21 16 18 12 17 #UTIL: 23483039
15 21 16 18 17 #UTIL: 22187645
15 21 16 12 17 #UTIL: 22224958
15 31 16 18 12 17 #UTIL: 22209143
24 27 43 29 21 31 16 18 12 17 #UTIL: 22868558
24 27 43 29 21 31 16 18 17 #UTIL: 22028866
24 27 43 29 21 31 16 12 17 #UTIL: 22061451
24 27 43 29 21 16 18 12 17 #UTIL: 22318180
24 27 43 21 31 16 18 12 #UTIL: 22018893
24 27 43 21 31 16 18 12 17 #UTIL: 24888726
24 27 43 21 31 16 18 17 #UTIL: 23940045
24 27 43 21 31 16 12 17 #UTIL: 23972017
24 27 43 21 31 16 17 #UTIL: 23025423
24 27 43 21 16 18 12 17 #UTIL: 24206921
24 27 43 21 16 18 17 #UTIL: 23208592
24 27 43 21 16 12 17 #UTIL: 23241495
24 27 43 21 16 17 #UTIL: 22245832
24 27 43 31 16 18 12 17 #UTIL: 21904697
24 27 21 31 16 18 12 17 #UTIL: 22072097
24 43 29 21 31 16 18 12 17 #UTIL: 24575600
24 43 29 21 31 16 18 17 #UTIL: 23640331
24 43 29 21 31 16 12 17 #UTIL: 23677724
24 43 29 21 31 16 17 #UTIL: 22744533
24 43 29 21 16 18 12 17 #UTIL: 23928353
24 43 29 21 16 18 17 #UTIL: 22942930
24 43 29 21 16 12 17 #UTIL: 22981133
24 43 29 21 16 17 #UTIL: 21998276
24 43 29 31 16 18 12 17 #UTIL: 23267108
24 43 29 31 16 18 17 #UTIL: 22218740
24 43 29 31 16 12 17 #UTIL: 22253245
24 43 29 16 18 12 17 #UTIL: 22405490
24 43 21 31 16 18 #UTIL: 22287090
24 43 21 31 16 18 12 #UTIL: 23338082
24 43 21 31 16 18 12 17 #UTIL: 26519861
24 43 21 31 16 18 17 #UTIL: 25470270
24 43 21 31 16 12 #UTIL: 22318726
24 43 21 31 16 12 17 #UTIL: 25506932
24 43 21 31 16 17 #UTIL: 24459392
24 43 21 16 18 12 #UTIL: 22371551
24 43 21 16 18 12 17 #UTIL: 25725629
24 43 21 16 18 17 #UTIL: 24620020
24 43 21 16 12 17 #UTIL: 24657266
24 43 21 16 17 #UTIL: 23554391
24 43 31 16 18 12 17 #UTIL: 25203517
24 43 31 16 18 17 #UTIL: 24013998
24 43 31 16 12 17 #UTIL: 24047445
24 43 31 16 17 #UTIL: 22859428
24 43 16 18 12 17 #UTIL: 24143895
24 43 16 18 17 #UTIL: 22885067
24 43 16 12 17 #UTIL: 22918238
24 29 21 31 16 18 12 17 #UTIL: 21878672
24 21 31 16 18 12 17 #UTIL: 23322678
24 21 31 16 18 17 #UTIL: 22105231
24 21 31 16 12 17 #UTIL: 22137992
24 21 16 18 12 17 #UTIL: 22060048
27 43 29 21 31 16 18 #UTIL: 22036572
27 43 29 21 31 16 18 12 #UTIL: 23077078
27 43 29 21 31 16 18 12 17 #UTIL: 26222120
27 43 29 21 31 16 18 17 #UTIL: 25182870
27 43 29 21 31 16 12 #UTIL: 22065396
27 43 29 21 31 16 12 17 #UTIL: 25216347
27 43 29 21 31 16 17 #UTIL: 24179191
27 43 29 21 16 18 12 #UTIL: 22158331
27 43 29 21 16 18 12 17 #UTIL: 25479577
27 43 29 21 16 18 17 #UTIL: 24382843
27 43 29 21 16 12 17 #UTIL: 24418563
27 43 29 21 16 17 #UTIL: 23324445
27 43 29 31 16 18 12 17 #UTIL: 22804703
27 43 29 16 18 12 17 #UTIL: 21832068
27 43 21 31 16 #UTIL: 22660517
27 43 21 31 16 18 #UTIL: 23811064
27 43 21 31 16 18 12 #UTIL: 24992184
27 43 21 31 16 18 12 17 #UTIL: 28560996
27 43 21 31 16 18 17 #UTIL: 27381342
27 43 21 31 16 12 #UTIL: 23839903
27 43 21 31 16 12 17 #UTIL: 27414993
27 43 21 31 16 17 #UTIL: 26237682
27 43 21 16 18 #UTIL: 22632674
27 43 21 16 18 12 #UTIL: 23879267
27 43 21 16 18 12 17 #UTIL: 27647701
27 43 21 16 18 17 #UTIL: 26402909
27 43 21 16 12 #UTIL: 22662711
27 43 21 16 12 17 #UTIL: 26438557
27 43 21 16 17 #UTIL: 25196633
27 43 31 16 18 12 17 #UTIL: 24718813
27 43 31 16 18 17 #UTIL: 23491683
27 43 31 16 12 17 #UTIL: 23520398
27 43 31 16 17 #UTIL: 22294610
27 43 16 18 12 17 #UTIL: 23542701
27 43 16 18 17 #UTIL: 22244873
27 43 16 12 17 #UTIL: 22274448
27 29 21 31 16 18 12 17 #UTIL: 23149571
27 29 21 31 16 18 17 #UTIL: 21939564
27 29 21 31 16 12 17 #UTIL: 21969459
27 29 21 16 18 12 17 #UTIL: 21918132
27 21 31 16 18 12 17 #UTIL: 24895609
27 21 31 16 18 17 #UTIL: 23521330
27 21 31 16 12 17 #UTIL: 23551223
27 21 31 16 17 #UTIL: 22178034
27 21 16 18 12 17 #UTIL: 23417492
27 21 16 18 17 #UTIL: 21963685
27 21 16 12 17 #UTIL: 21994673
43 29 21 31 16 #UTIL: 22171178
43 29 21 31 16 18 #UTIL: 23290460
43 29 21 31 16 18 12 #UTIL: 24443694
43 29 21 31 16 18 12 17 #UTIL: 27934045
43 29 21 31 16 18 17 #UTIL: 26782441
43 29 21 31 16 12 #UTIL: 23322970
43 29 21 31 16 12 17 #UTIL: 26820399
43 29 21 31 16 17 #UTIL: 25670855
43 29 21 16 18 #UTIL: 22164603
43 29 21 16 18 12 #UTIL: 23383106
43 29 21 16 18 12 17 #UTIL: 27072702
43 29 21 16 18 17 #UTIL: 25856173
43 29 21 16 12 #UTIL: 22197772
43 29 21 16 12 17 #UTIL: 25895604
43 29 21 16 17 #UTIL: 24681587
43 29 31 16 18 12 #UTIL: 21982418
43 29 31 16 18 12 17 #UTIL: 25857794
43 29 31 16 18 17 #UTIL: 24575755
43 29 31 16 12 17 #UTIL: 24610620
43 29 31 16 17 #UTIL: 23329811
43 29 16 18 12 17 #UTIL: 24726678
43 29 16 18 17 #UTIL: 23365231
43 29 16 12 17 #UTIL: 23400251
43 29 16 17 #UTIL: 22041001
43 21 31 16 #UTIL: 23664140
43 21 31 16 18 #UTIL: 24930689
43 21 31 16 18 12 #UTIL: 26231101
43 21 31 16 18 12 17 #UTIL: 30165124
43 21 31 16 18 17 #UTIL: 28866567
43 21 31 16 12 #UTIL: 24963017
43 21 31 16 12 17 #UTIL: 28904544
43 21 31 16 17 #UTIL: 27608227
43 21 31 18 12 17 #UTIL: 22673396
43 21 16 #UTIL: 22242724
43 21 16 18 #UTIL: 23582039
43 21 16 18 12 #UTIL: 24955922
43 21 16 18 12 17 #UTIL: 29114057
43 21 16 18 17 #UTIL: 27742427
43 21 16 12 #UTIL: 23614746
43 21 16 12 17 #UTIL: 27781609
43 21 16 17 #UTIL: 26412788
43 31 16 18 #UTIL: 22099201
43 31 16 18 12 #UTIL: 23562007
43 31 16 18 12 17 #UTIL: 27976641
43 31 16 18 17 #UTIL: 26515835
43 31 16 12 #UTIL: 22127361
43 31 16 12 17 #UTIL: 26550260
43 31 16 17 #UTIL: 25090966
43 16 18 12 #UTIL: 21904514
43 16 18 12 17 #UTIL: 26594098
43 16 18 17 #UTIL: 25042695
43 16 12 17 #UTIL: 25077018
43 16 17 #UTIL: 23528181
29 21 31 16 18 12 17 #UTIL: 24424439
29 21 31 16 18 17 #UTIL: 23078234
29 21 31 16 12 17 #UTIL: 23112718
29 21 16 18 12 17 #UTIL: 23002271
21 31 16 18 12 17 #UTIL: 26006558
21 31 16 18 17 #UTIL: 24487861
21 31 16 12 17 #UTIL: 24521912
21 31 16 17 #UTIL: 23004097
21 16 18 12 17 #UTIL: 24310746
21 16 18 17 #UTIL: 22702132
21 16 12 17 #UTIL: 22736562
31 16 18 12 17 #UTIL: 22266029
