14 25 28 15 43 31 16 18 12 17 #UTIL: 25699683
14 25 28 15 43 31 16 18 17 #UTIL: 25007204
14 25 28 15 43 31 16 12 17 #UTIL: 25014938
14 25 28 15 43 16 18 12 17 #UTIL: 25390170
14 25 28 15 43 16 18 17 #UTIL: 24667153
14 25 28 15 43 16 12 17 #UTIL: 24674211
14 25 28 15 31 16 18 12 17 #UTIL: 24547157
14 25 15 43 21 31 16 18 12 17 #UTIL: 24528111
14 25 15 43 31 16 18 12 17 #UTIL: 24751626
14 25 15 43 16 18 12 17 #UTIL: 24572445
14 28 15 43 31 16 18 12 17 #UTIL: 24932309
38 28 43 21 31 16 18 12 17 #UTIL: 24551855
38 28 43 31 16 18 12 17 #UTIL: 24787323
38 43 21 31 16 18 12 17 #UTIL: 25039287
1 28 43 21 31 16 18 12 17 #UTIL: 25621400
1 28 43 21 31 16 18 17 #UTIL: 24853148
1 28 43 21 31 16 12 17 #UTIL: 24893172
1 28 43 21 16 18 12 17 #UTIL: 24699575
1 28 43 31 16 18 12 17 #UTIL: 25836299
1 28 43 31 16 18 17 #UTIL: 24953575
1 28 43 31 16 12 17 #UTIL: 24990918
1 28 43 16 18 12 17 #UTIL: 24809685
8 28 24 43 21 31 16 18 12 17 #UTIL: 25657412
8 28 24 43 21 31 16 18 17 #UTIL: 24934551
8 28 24 43 21 31 16 12 17 #UTIL: 24979069
8 28 24 43 21 16 18 12 17 #UTIL: 25033300
8 28 24 43 31 16 18 12 17 #UTIL: 26428519
8 28 24 43 31 16 18 17 #UTIL: 25586700
8 28 24 43 31 16 12 17 #UTIL: 25629295
8 28 24 43 31 16 17 #UTIL: 24789909
8 28 24 43 16 18 12 17 #UTIL: 25702599
8 28 24 43 16 18 17 #UTIL: 24827308
8 28 24 43 16 12 17 #UTIL: 24873449
8 28 43 31 16 18 12 17 #UTIL: 24943121
8 24 43 21 31 16 18 12 17 #UTIL: 25459972
8 24 43 21 31 16 18 17 #UTIL: 24562130
8 24 43 21 31 16 12 17 #UTIL: 24596060
8 24 43 21 16 18 12 17 #UTIL: 24898857
8 24 43 31 16 18 12 17 #UTIL: 24891075
59 28 27 43 21 31 16 18 12 17 #UTIL: 25298540
59 28 27 43 21 31 16 18 17 #UTIL: 24536595
59 28 27 43 21 31 16 12 17 #UTIL: 24580151
59 28 43 29 21 31 16 18 12 17 #UTIL: 24735765
59 28 43 21 31 16 18 12 17 #UTIL: 27023432
59 28 43 21 31 16 18 17 #UTIL: 26184789
59 28 43 21 31 16 12 17 #UTIL: 26235508
59 28 43 21 31 16 17 #UTIL: 25394962
59 28 43 21 16 18 12 17 #UTIL: 25906824
59 28 43 21 16 18 17 #UTIL: 25048942
59 28 43 21 16 12 17 #UTIL: 25099233
59 28 43 31 16 18 12 17 #UTIL: 26564687
59 28 43 31 16 18 17 #UTIL: 25621067
59 28 43 31 16 12 17 #UTIL: 25668734
59 28 43 31 16 17 #UTIL: 24723049
59 28 43 16 18 12 17 #UTIL: 25332248
59 28 21 31 16 18 12 17 #UTIL: 24653081
59 27 43 21 31 16 18 12 17 #UTIL: 24907544
59 43 21 31 16 18 12 17 #UTIL: 26209708
59 43 21 31 16 18 17 #UTIL: 25168696
59 43 21 31 16 12 17 #UTIL: 25206485
59 43 21 16 18 12 17 #UTIL: 24611976
25 28 15 43 31 16 18 12 17 #UTIL: 25410748
25 28 15 43 31 16 18 17 #UTIL: 24647510
25 28 15 43 31 16 12 17 #UTIL: 24702213
25 28 15 43 16 18 12 17 #UTIL: 24873149
25 28 24 43 31 16 18 12 17 #UTIL: 25204986
25 28 24 43 16 18 12 17 #UTIL: 24644595
25 28 27 43 21 31 16 18 12 17 #UTIL: 25143409
25 28 27 43 21 16 18 12 17 #UTIL: 24700698
25 28 43 29 21 31 16 18 12 17 #UTIL: 24629984
25 28 43 29 31 16 18 12 17 #UTIL: 25267369
25 28 43 29 16 18 12 17 #UTIL: 24773011
25 28 43 21 31 16 18 12 #UTIL: 25041801
25 28 43 21 31 16 18 12 17 #UTIL: 27462302
25 28 43 21 31 16 18 17 #UTIL: 26663718
25 28 43 21 31 16 12 17 #UTIL: 26713242
25 28 43 21 31 16 17 #UTIL: 25918436
25 28 43 21 16 18 12 17 #UTIL: 26952246
25 28 43 21 16 18 17 #UTIL: 26119441
25 28 43 21 16 12 17 #UTIL: 26173160
25 28 43 21 16 17 #UTIL: 25345193
25 28 43 31 16 18 #UTIL: 24666653
25 28 43 31 16 18 12 #UTIL: 25606742
25 28 43 31 16 18 12 17 #UTIL: 28447550
25 28 43 31 16 18 17 #UTIL: 27508512
25 28 43 31 16 12 #UTIL: 24710056
25 28 43 31 16 12 17 #UTIL: 27557291
25 28 43 31 16 17 #UTIL: 26621667
25 28 43 16 18 12 #UTIL: 24877386
25 28 43 16 18 12 17 #UTIL: 27858860
25 28 43 16 18 17 #UTIL: 26873351
25 28 43 16 12 17 #UTIL: 26925631
25 28 43 16 17 #UTIL: 25945630
25 28 21 31 16 18 12 17 #UTIL: 25920425
25 28 21 31 16 18 17 #UTIL: 25003788
25 28 21 31 16 12 17 #UTIL: 25053088
25 28 21 16 18 12 17 #UTIL: 25142777
25 28 31 16 18 12 17 #UTIL: 25956370
25 28 31 16 18 17 #UTIL: 24883608
25 28 31 16 12 17 #UTIL: 24929802
25 28 16 18 12 17 #UTIL: 25005301
25 27 43 21 31 16 18 12 17 #UTIL: 24549559
25 43 21 31 16 18 12 17 #UTIL: 26531726
25 43 21 31 16 18 17 #UTIL: 25559810
25 43 21 31 16 12 17 #UTIL: 25596316
25 43 21 31 16 17 #UTIL: 24628268
25 43 21 16 18 12 17 #UTIL: 26073265
25 43 21 16 18 17 #UTIL: 25043029
25 43 21 16 12 17 #UTIL: 25080156
25 43 31 16 18 12 17 #UTIL: 26046794
25 43 31 16 18 17 #UTIL: 24924333
25 43 31 16 12 17 #UTIL: 24959356
25 43 16 18 12 17 #UTIL: 25375649
41 28 27 43 21 31 16 18 12 17 #UTIL: 24879001
41 28 43 21 31 16 18 12 17 #UTIL: 26495327
41 28 43 21 31 16 18 17 #UTIL: 25648064
41 28 43 21 31 16 12 17 #UTIL: 25699202
41 28 43 21 31 16 17 #UTIL: 24853604
41 28 43 21 16 18 12 17 #UTIL: 25404069
41 28 43 21 16 18 17 #UTIL: 24535714
41 28 43 21 16 12 17 #UTIL: 24587941
41 28 43 31 16 18 12 17 #UTIL: 26294889
41 28 43 31 16 18 17 #UTIL: 25327378
41 28 43 31 16 12 17 #UTIL: 25376337
41 28 43 16 18 12 17 #UTIL: 25095637
41 28 21 31 16 18 12 17 #UTIL: 24631430
41 43 21 31 16 18 12 17 #UTIL: 25668503
41 43 21 31 16 18 17 #UTIL: 24606923
41 43 21 31 16 12 17 #UTIL: 24645544
28 15 27 43 21 31 16 18 12 17 #UTIL: 26144674
28 15 27 43 21 31 16 18 17 #UTIL: 25380860
28 15 27 43 21 31 16 12 17 #UTIL: 25426891
28 15 27 43 21 31 16 17 #UTIL: 24666249
28 15 27 43 21 16 18 12 17 #UTIL: 25417726
28 15 27 43 21 16 18 17 #UTIL: 24628797
28 15 27 43 21 16 12 17 #UTIL: 24678605
28 15 27 21 31 16 18 12 17 #UTIL: 25039364
28 15 43 29 21 31 16 18 12 17 #UTIL: 25139074
28 15 43 29 31 16 18 12 17 #UTIL: 25034843
28 15 43 21 31 16 18 12 #UTIL: 25287788
28 15 43 21 31 16 18 12 17 #UTIL: 27816033
28 15 43 21 31 16 18 17 #UTIL: 26980408
28 15 43 21 31 16 12 17 #UTIL: 27034025
28 15 43 21 31 16 17 #UTIL: 26201876
28 15 43 21 16 18 12 17 #UTIL: 27013080
28 15 43 21 16 18 17 #UTIL: 26149389
28 15 43 21 16 12 17 #UTIL: 26206541
28 15 43 21 16 17 #UTIL: 25347333
28 15 43 31 16 18 12 #UTIL: 25058831
28 15 43 31 16 18 12 17 #UTIL: 27948211
28 15 43 31 16 18 17 #UTIL: 26991898
28 15 43 31 16 12 17 #UTIL: 27043844
28 15 43 31 16 17 #UTIL: 26090638
28 15 43 16 18 12 17 #UTIL: 27030004
28 15 43 16 18 17 #UTIL: 26036692
28 15 43 16 12 17 #UTIL: 26091384
28 15 43 16 17 #UTIL: 25103136
28 15 21 31 16 18 12 17 #UTIL: 26533183
28 15 21 31 16 18 17 #UTIL: 25557551
28 15 21 31 16 12 17 #UTIL: 25611566
28 15 21 31 16 17 #UTIL: 24638508
28 15 21 16 18 12 17 #UTIL: 25410660
28 15 31 16 18 12 17 #UTIL: 25722277
28 15 31 16 18 17 #UTIL: 24611038
28 15 31 16 12 17 #UTIL: 24660827
28 24 27 43 21 31 16 18 12 17 #UTIL: 25058676
28 24 43 29 21 31 16 18 12 17 #UTIL: 24661415
28 24 43 29 31 16 18 12 17 #UTIL: 24682433
28 24 43 21 31 16 18 12 #UTIL: 24521824
28 24 43 21 31 16 18 12 17 #UTIL: 27058391
28 24 43 21 31 16 18 17 #UTIL: 26222488
28 24 43 21 31 16 12 17 #UTIL: 26271536
28 24 43 21 31 16 17 #UTIL: 25437778
28 24 43 21 16 18 12 17 #UTIL: 26281266
28 24 43 21 16 18 17 #UTIL: 25415243
28 24 43 21 16 12 17 #UTIL: 25468124
28 24 43 21 16 17 #UTIL: 24605275
28 24 43 31 16 18 12 17 #UTIL: 27307962
28 24 43 31 16 18 17 #UTIL: 26342416
28 24 43 31 16 12 17 #UTIL: 26389094
28 24 43 31 16 17 #UTIL: 25425274
28 24 43 16 18 12 17 #UTIL: 26391724
28 24 43 16 18 17 #UTIL: 25386580
28 24 43 16 12 17 #UTIL: 25436400
28 24 21 31 16 18 12 17 #UTIL: 25372889
28 24 31 16 18 12 17 #UTIL: 24666377
28 27 43 29 21 31 16 18 12 17 #UTIL: 26219445
28 27 43 29 21 31 16 18 17 #UTIL: 25407347
28 27 43 29 21 31 16 12 17 #UTIL: 25453066
28 27 43 29 21 31 16 17 #UTIL: 24643080
28 27 43 29 21 16 18 12 17 #UTIL: 25522501
28 27 43 29 21 16 18 17 #UTIL: 24679374
28 27 43 29 21 16 12 17 #UTIL: 24730522
28 27 43 21 31 16 18 #UTIL: 25343910
28 27 43 21 31 16 18 12 #UTIL: 26275030
28 27 43 21 31 16 18 12 17 #UTIL: 29088536
28 27 43 21 31 16 18 17 #UTIL: 28158387
28 27 43 21 31 16 12 #UTIL: 25385228
28 27 43 21 31 16 12 17 #UTIL: 28204716
28 27 43 21 31 16 17 #UTIL: 27276973
28 27 43 21 16 18 12 #UTIL: 25360093
28 27 43 21 16 18 12 17 #UTIL: 28284635
28 27 43 21 16 18 17 #UTIL: 27317829
28 27 43 21 16 12 17 #UTIL: 27369562
28 27 43 21 16 17 #UTIL: 26405946
28 27 43 31 16 18 12 17 #UTIL: 26484935
28 27 43 31 16 18 17 #UTIL: 25511382
28 27 43 31 16 12 17 #UTIL: 25553145
28 27 43 31 16 17 #UTIL: 24581239
28 27 43 16 18 12 17 #UTIL: 25555427
28 27 43 16 18 17 #UTIL: 24540802
28 27 43 16 12 17 #UTIL: 24586732
28 27 29 21 31 16 18 12 17 #UTIL: 24725502
28 27 21 31 16 18 12 17 #UTIL: 27234202
28 27 21 31 16 18 17 #UTIL: 26152466
28 27 21 31 16 12 17 #UTIL: 26197168
28 27 21 31 16 17 #UTIL: 25116817
28 27 21 16 18 12 17 #UTIL: 26074244
28 27 21 16 18 17 #UTIL: 24948372
28 27 21 16 12 17 #UTIL: 24997744
28 43 29 21 31 16 18 #UTIL: 24703419
28 43 29 21 31 16 18 12 #UTIL: 25608655
28 43 29 21 31 16 18 12 17 #UTIL: 28350187
28 43 29 21 31 16 18 17 #UTIL: 27446014
28 43 29 21 31 16 12 #UTIL: 24750063
28 43 29 21 31 16 12 17 #UTIL: 27498326
28 43 29 21 31 16 17 #UTIL: 26596494
28 43 29 21 16 18 12 #UTIL: 24716660
28 43 29 21 16 18 12 17 #UTIL: 27565924
28 43 29 21 16 18 17 #UTIL: 26626181
28 43 29 21 16 12 17 #UTIL: 26683500
28 43 29 21 16 17 #UTIL: 25746804
28 43 29 31 16 18 12 #UTIL: 24802776
28 43 29 31 16 18 12 17 #UTIL: 27899652
28 43 29 31 16 18 17 #UTIL: 26876006
28 43 29 31 16 12 17 #UTIL: 26925882
28 43 29 31 16 17 #UTIL: 25903865
28 43 29 16 18 12 17 #UTIL: 26992892
28 43 29 16 18 17 #UTIL: 25923250
28 43 29 16 12 17 #UTIL: 25976989
28 43 29 16 17 #UTIL: 24910573
28 43 21 31 16 #UTIL: 26045687
28 43 21 31 16 18 #UTIL: 27025855
28 43 21 31 16 18 12 #UTIL: 28054983
28 43 21 31 16 18 12 17 #UTIL: 31171329
28 43 21 31 16 18 17 #UTIL: 30143408
28 43 21 31 16 12 #UTIL: 27072778
28 43 21 31 16 12 17 #UTIL: 30196275
28 43 21 31 16 17 #UTIL: 29170937
28 43 21 31 18 12 17 #UTIL: 25448730
28 43 21 16 #UTIL: 24937981
28 43 21 16 18 #UTIL: 25955297
28 43 21 16 18 12 #UTIL: 27026111
28 43 21 16 18 12 17 #UTIL: 30268356
28 43 21 16 18 17 #UTIL: 29198865
28 43 21 16 12 #UTIL: 26006162
28 43 21 16 12 17 #UTIL: 29256687
28 43 21 16 17 #UTIL: 28190546
28 43 31 16 #UTIL: 25023960
28 43 31 16 18 #UTIL: 26157793
28 43 31 16 18 12 #UTIL: 27336831
28 43 31 16 18 12 17 #UTIL: 30899808
28 43 31 16 18 17 #UTIL: 29722080
28 43 31 16 12 #UTIL: 26201549
28 43 31 16 12 17 #UTIL: 29772369
28 43 31 16 17 #UTIL: 28596714
28 43 16 18 #UTIL: 24880238
28 43 16 18 12 #UTIL: 26114112
28 43 16 18 12 17 #UTIL: 29842206
28 43 16 18 17 #UTIL: 28609761
28 43 16 12 #UTIL: 24926680
28 43 16 12 17 #UTIL: 28663854
28 43 16 17 #UTIL: 27435055
28 29 21 31 16 18 12 17 #UTIL: 26602942
28 29 21 31 16 18 17 #UTIL: 25548764
28 29 21 31 16 12 17 #UTIL: 25600017
28 29 21 31 16 17 #UTIL: 24547239
28 29 21 16 18 12 17 #UTIL: 25468943
28 29 31 16 18 12 17 #UTIL: 25163119
28 21 31 16 18 12 #UTIL: 25398781
28 21 31 16 18 12 17 #UTIL: 29025851
28 21 31 16 18 17 #UTIL: 27826969
28 21 31 16 12 17 #UTIL: 27878527
28 21 31 16 17 #UTIL: 26681117
28 21 16 18 12 17 #UTIL: 27718796
28 21 16 18 17 #UTIL: 26469517
28 21 16 12 17 #UTIL: 26525309
28 21 16 17 #UTIL: 25278057
28 31 16 18 12 17 #UTIL: 27552264
28 31 16 18 17 #UTIL: 26184328
28 31 16 12 17 #UTIL: 26230430
28 31 16 17 #UTIL: 24863247
28 16 18 12 17 #UTIL: 25975472
28 16 18 17 #UTIL: 24541843
28 16 12 17 #UTIL: 24590862
15 27 43 21 31 16 18 12 17 #UTIL: 26270564
15 27 43 21 31 16 18 17 #UTIL: 25304546
15 27 43 21 31 16 12 17 #UTIL: 25338772
15 27 43 21 16 18 12 17 #UTIL: 25492917
15 43 29 21 31 16 18 12 17 #UTIL: 25374858
15 43 29 21 16 18 12 17 #UTIL: 24648492
15 43 21 31 16 18 12 17 #UTIL: 27620120
15 43 21 31 16 18 17 #UTIL: 26566936
15 43 21 31 16 12 17 #UTIL: 26606444
15 43 21 31 16 17 #UTIL: 25556728
15 43 21 16 18 12 17 #UTIL: 26747342
15 43 21 16 18 17 #UTIL: 25643938
15 43 21 16 12 17 #UTIL: 25683819
15 43 21 16 17 #UTIL: 24584745
15 43 31 16 18 12 17 #UTIL: 26211259
15 43 31 16 18 17 #UTIL: 25028556
15 43 31 16 12 17 #UTIL: 25065544
15 43 16 18 12 17 #UTIL: 25106458
15 21 31 16 18 12 17 #UTIL: 24832608
24 27 43 21 31 16 18 12 17 #UTIL: 24888726
24 43 29 21 31 16 18 12 17 #UTIL: 24575600
24 43 21 31 16 18 12 17 #UTIL: 26519861
24 43 21 31 16 18 17 #UTIL: 25470270
24 43 21 31 16 12 17 #UTIL: 25506932
24 43 21 16 18 12 17 #UTIL: 25725629
24 43 21 16 18 17 #UTIL: 24620020
24 43 21 16 12 17 #UTIL: 24657266
24 43 31 16 18 12 17 #UTIL: 25203517
27 43 29 21 31 16 18 12 17 #UTIL: 26222120
27 43 29 21 31 16 18 17 #UTIL: 25182870
27 43 29 21 31 16 12 17 #UTIL: 25216347
27 43 29 21 16 18 12 17 #UTIL: 25479577
27 43 21 31 16 18 12 #UTIL: 24992184
27 43 21 31 16 18 12 17 #UTIL: 28560996
27 43 21 31 16 18 17 #UTIL: 27381342
27 43 21 31 16 12 17 #UTIL: 27414993
27 43 21 31 16 17 #UTIL: 26237682
27 43 21 16 18 12 17 #UTIL: 27647701
27 43 21 16 18 17 #UTIL: 26402909
27 43 21 16 12 17 #UTIL: 26438557
27 43 21 16 17 #UTIL: 25196633
27 43 31 16 18 12 17 #UTIL: 24718813
27 21 31 16 18 12 17 #UTIL: 24895609
43 29 21 31 16 18 12 17 #UTIL: 27934045
43 29 21 31 16 18 17 #UTIL: 26782441
43 29 21 31 16 12 17 #UTIL: 26820399
43 29 21 31 16 17 #UTIL: 25670855
43 29 21 16 18 12 17 #UTIL: 27072702
43 29 21 16 18 17 #UTIL: 25856173
43 29 21 16 12 17 #UTIL: 25895604
43 29 21 16 17 #UTIL: 24681587
43 29 31 16 18 12 17 #UTIL: 25857794
43 29 31 16 18 17 #UTIL: 24575755
43 29 31 16 12 17 #UTIL: 24610620
43 29 16 18 12 17 #UTIL: 24726678
43 21 31 16 18 #UTIL: 24930689
43 21 31 16 18 12 #UTIL: 26231101
43 21 31 16 18 12 17 #UTIL: 30165124
43 21 31 16 18 17 #UTIL: 28866567
43 21 31 16 12 #UTIL: 24963017
43 21 31 16 12 17 #UTIL: 28904544
43 21 31 16 17 #UTIL: 27608227
43 21 16 18 12 #UTIL: 24955922
43 21 16 18 12 17 #UTIL: 29114057
43 21 16 18 17 #UTIL: 27742427
43 21 16 12 17 #UTIL: 27781609
43 21 16 17 #UTIL: 26412788
43 31 16 18 12 17 #UTIL: 27976641
43 31 16 18 17 #UTIL: 26515835
43 31 16 12 17 #UTIL: 26550260
43 31 16 17 #UTIL: 25090966
43 16 18 12 17 #UTIL: 26594098
43 16 18 17 #UTIL: 25042695
43 16 12 17 #UTIL: 25077018
21 31 16 18 12 17 #UTIL: 26006558
21 31 16 12 17 #UTIL: 24521912
