25 28 43 31 16 18 12 17 #UTIL: 28447550
28 27 43 21 31 16 18 12 17 #UTIL: 29088536
28 27 43 21 31 16 18 17 #UTIL: 28158387
28 27 43 21 31 16 12 17 #UTIL: 28204716
28 27 43 21 16 18 12 17 #UTIL: 28284635
28 43 29 21 31 16 18 12 17 #UTIL: 28350187
28 43 21 31 16 18 12 #UTIL: 28054983
28 43 21 31 16 18 12 17 #UTIL: 31171329
28 43 21 31 16 18 17 #UTIL: 30143408
28 43 21 31 16 12 17 #UTIL: 30196275
28 43 21 31 16 17 #UTIL: 29170937
28 43 21 16 18 12 17 #UTIL: 30268356
28 43 21 16 18 17 #UTIL: 29198865
28 43 21 16 12 17 #UTIL: 29256687
28 43 21 16 17 #UTIL: 28190546
28 43 31 16 18 12 17 #UTIL: 30899808
28 43 31 16 18 17 #UTIL: 29722080
28 43 31 16 12 17 #UTIL: 29772369
28 43 31 16 17 #UTIL: 28596714
28 43 16 18 12 17 #UTIL: 29842206
28 43 16 18 17 #UTIL: 28609761
28 43 16 12 17 #UTIL: 28663854
28 21 31 16 18 12 17 #UTIL: 29025851
27 43 21 31 16 18 12 17 #UTIL: 28560996
43 21 31 16 18 12 17 #UTIL: 30165124
43 21 31 16 18 17 #UTIL: 28866567
43 21 31 16 12 17 #UTIL: 28904544
43 21 16 18 12 17 #UTIL: 29114057
